0
8.41471
9.09297
1.4112
-7.56802
-9.58924
-2.79415
6.56987
9.89358
4.12118
-5.44021
-9.9999
-5.36573
4.20167
9.90607
6.50288
-2.87903
-9.61397
-7.50987
1.49877
9.12945
8.36656
-0.0885131
-8.4622
-9.05578
-1.32352
7.62558
9.56376
2.70906
-6.63634
-9.88032
-4.04038
5.51427
9.99912
5.29083
-4.28183
-9.91779
-6.43538
2.96369
9.63795
7.45113
-1.58623
-9.16522
-8.31775
0.177019
8.50904
9.01788
1.23573
-7.68255
-9.53753
-2.62375
6.70229
9.86628
3.95925
-5.58789
-9.99755
-5.21551
4.36165
9.92873
6.36738
-3.04811
-9.66118
-7.39181
1.67356
9.20026
8.26829
-0.265512
-8.5552
-8.97928
-1.14785
7.73891
9.51055
2.53823
-6.76772
-9.85146
-3.87782
5.66108
9.9952
5.13978
-4.44113
-9.93889
-6.29888
3.13229
9.68364
7.3319
-1.76076
-9.23458
-8.21818
0.353983
8.60069
8.93997
1.05988
-7.79466
-9.48282
-2.45252
6.83262
9.83588
3.79608
-5.73382
-9.99207
-5.06366
4.52026
9.94827
6.22989
-3.21622
-9.70535
-7.27143
1.84782
9.26819
8.16743
-0.442427
-8.64551
-8.89996
-0.971819
7.8498
9.45435
2.36661
-6.89698
-9.81952
-3.71404
5.80611
9.98815
4.98713
-4.59903
-9.95687
-6.1604
3.29991
9.7263
7.21038
-1.93473
-9.30106
-8.11603
0.530836
8.68966
8.85925
0.883687
-7.90433
-9.42514
-2.28052
6.9608
9.8024
3.63171
-5.87795
-9.98345
-4.91022
4.67745
9.96469
6.09044
-3.38333
-9.74649
-7.14876
2.0215
9.33321
8.06401
-0.619203
-8.73312
-8.81785
-0.795485
7.95824
9.3952
2.19425
-7.02408
-9.7845
-3.5491
5.94933
9.97797
4.83292
-4.7555
-9.97173
-6.02
3.46649
9.76591
7.08659
-2.10811
-9.36462
-8.01135
0.707522
8.7759
8.77575
0.707222
-8.01153
-9.36451
-2.10781
7.0868
9.76584
3.46621
-6.02024
-9.97171
-4.75524
4.83318
9.97799
5.94909
-3.54938
-9.78457
-7.02386
2.19455
9.3953
7.95806
-0.795786
-8.81799
-8.73297
-0.618903
8.06418
9.3331
2.0212
-7.14898
-9.74642
-3.38305
6.09068
9.96467
4.67719
-4.91048
-9.98347
-5.87771
3.63199
9.80246
6.96058
-2.28082
-9.42525
-7.90415
0.883987
8.85939
8.68951
0.530535
-8.11621
-9.30095
-1.93444
7.21059
9.72623
3.29962
-6.16064
-9.95684
-4.59877
4.98739
9.98817
5.80587
-3.71432
-9.81958
-6.89676
2.36691
9.45445
7.84962
-0.972119
-8.90009
-8.64536
-0.442126
8.1676
9.26807
1.84752
-7.27163
-9.70528
-3.21594
6.23012
9.94824
4.51999
-5.06392
-9.99208
-5.73357
3.79636
9.83593
6.8324
-2.45281
-9.48292
-7.79447
1.06017
8.9401
8.60054
0.353682
-8.21835
-9.23447
-1.76046
7.33211
9.68357
3.132
-6.29911
-9.93885
-4.44086
5.14004
9.99521
5.66083
-3.87809
-9.85151
-6.7675
2.53853
9.51064
7.73872
-1.14815
-8.97941
-8.55504
-0.26521
8.26846
9.20014
1.67326
-7.39201
-9.6611
-3.04782
6.36761
9.92869
4.36138
-5.21577
-9.99756
-5.58764
3.95953
9.86633
6.70207
-2.62404
-9.53762
-7.68235
1.23603
9.01801
8.50888
0.176718
-8.31791
-9.16509
-1.58593
7.45133
9.63787
2.9634
-6.43561
-9.91775
-4.28155
5.29108
9.99912
5.51402
-4.04065
-9.88036
-6.63611
2.70935
9.56385
7.62539
-1.32382
-9.05591
-8.46204
-0.0882117
8.36672
9.12933
1.49847
-7.51007
-9.61389
-2.87874
6.50311
9.90603
4.2014
-5.36598
-9.9999
-5.43996
4.12146
9.89363
6.56964
-2.79444
-9.58933
-7.56783
1.4115
9.0931
8.41455
-0.000301444
-8.41487
-9.09285
-1.4109
7.56822
9.58916
2.79387
-6.57009
-9.89354
-4.12091
5.44046
9.9999
5.36547
-4.20194
-9.90611
-6.50265
2.87932
9.61406
7.50967
-1.49907
-9.12958
-8.36639
0.0888145
8.46236
9.05566
1.32322
-7.62578
-9.56367
-2.70877
6.63656
9.88027
4.0401
-5.51452
-9.99911
-5.29057
4.2821
9.91783
6.43515
-2.96397
-9.63803
-7.45093
1.58652
9.16534
8.31758
-0.177321
-8.50919
-9.01775
-1.23543
7.68274
9.53744
2.62346
-6.70252
-9.86623
-3.95897
5.58814
9.99755
5.21525
-4.36192
-9.92876
-6.36715
3.04839
9.66126
7.3916
-1.67385
-9.20038
-8.26812
0.265813
8.55536
8.97914
1.14755
-7.7391
-9.51045
-2.53794
6.76794
9.85141
3.87754
-5.66132
-9.99519
-5.13953
4.4414
9.93892
6.29865
-3.13257
-9.68372
-7.3317
1.76105
9.2347
8.21801
-0.354284
-8.60085
-8.93983
-1.05958
7.79485
9.48273
2.45223
-6.83284
-9.83582
-3.7958
5.73407
9.99206
5.0634
-4.52053
-9.9483
-6.22965
3.21651
9.70543
7.27122
-1.84811
-9.2683
-8.16725
0.442728
8.64567
8.89982
0.971519
-7.84999
-9.45426
-2.36632
6.8972
9.81946
3.71376
-5.80636
-9.98814
-4.98687
4.5993
9.9569
6.16017
-3.30019
-9.72637
-7.21017
1.93503
9.30117
8.11586
-0.531137
-8.68981
-8.85911
-0.883387
7.90452
9.42504
2.28023
-6.96102
-9.80234
-3.63143
5.87819
9.98344
4.90995
-4.67772
-9.96472
-6.0902
3.38362
9.74655
7.14855
-2.02179
-9.33331
-8.06383
0.619504
8.73327
8.8177
0.795185
-7.95842
-9.39509
-2.19396
7.02429
9.78444
3.54882
-5.94957
-9.97795
-4.83265
4.75577
9.97176
6.01976
-3.46678
-9.76597
-7.08638
2.1084
9.36473
8.01117
-0.707823
-8.77604
-8.77561
-0.706921
8.01171
9.36441
2.10752
-7.08702
-9.76578
-3.46593
6.02048
9.97169
4.75497
-4.83344
-9.97801
-5.94884
3.54967
9.78463
7.02365
-2.19484
-9.3954
-7.95788
0.796086
8.81813
8.73283
0.618602
-8.06436
-9.33299
-2.02091
7.14919
9.74635
3.38277
-6.09092
-9.96464
-4.67692
4.91074
9.98349
5.87746
-3.63228
-9.80252
-6.96037
2.28111
9.42535
7.90396
-0.884287
-8.85953
-8.68936
-0.530234
8.11639
9.30084
1.93414
-7.21079
-9.72616
-3.29934
6.16088
9.95681
4.5985
-4.98765
-9.98818
-5.80562
3.7146
9.81964
6.89654
-2.3672
-9.45455
-7.84943
0.972419
8.90023
8.64521
0.441824
-8.16777
-9.26796
-1.84722
7.27184
9.70521
3.21565
-6.23036
-9.94821
-4.51972
5.06418
9.99209
5.73332
-3.79664
-9.83599
-6.83218
2.4531
9.48301
7.79428
-1.06047
-8.94024
-8.60039
-0.353381
8.21852
9.23435
1.76016
-7.33231
-9.68349
-3.13172
6.29935
9.93882
4.44059
-5.1403
-9.99522
-5.66058
3.87837
9.85157
6.76728
-2.53882
-9.51073
-7.73852
1.14845
8.97954
8.55489
0.264909
-8.26863
-9.20002
-1.67296
7.39221
9.66102
3.04753
-6.36784
-9.92865
-4.36111
5.21602
9.99757
5.58739
-3.95981
-9.86637
-6.70184
2.62433
9.53771
7.68216
-1.23633
-9.01814
-8.50872
-0.176416
8.31808
9.16497
1.58563
-7.45153
-9.63779
-2.96311
6.43584
9.91771
4.28128
-5.29134
-9.99913
-5.51376
4.04093
9.88041
6.63589
-2.70964
-9.56394
-7.62519
1.32412
9.05604
8.46188
0.0879102
-8.36689
-9.12921
-1.49818
7.51027
9.61381
2.87846
-6.50334
-9.90599
-4.20112
5.36624
9.9999
5.43971
-4.12173
-9.89367
-6.56941
2.79473
9.58941
7.56763
-1.4118
-9.09323
-8.41438
0.000602887
8.41504
9.09272
1.4106
-7.56842
-9.58907
-2.79358
6.57032
9.89349
4.12064
-5.44072
-9.9999
-5.36522
4.20222
9.90616
6.50242
-2.87961
-9.61414
-7.50947
1.49937
9.1297
8.36623
-0.089116
-8.46253
-9.05553
-1.32292
7.62597
9.56358
2.70848
-6.63679
-9.88022
-4.03982
5.51477
9.99911
5.29032
-4.28237
-9.91787
-6.43492
2.96426
9.63811
7.45073
-1.58682
-9.16546
-8.31741
0.177622
8.50935
9.01762
1.23513
-7.68293
-9.53735
-2.62317
6.70274
9.86618
3.9587
-5.58839
-9.99754
-5.215
4.36219
9.9288
6.36692
-3.04868
-9.66133
-7.3914
1.67415
9.2005
8.26795
-0.266114
-8.55551
-8.97901
-1.14725
7.73929
9.51036
2.53765
-6.76816
-9.85136
-3.87726
5.66157
9.99518
5.13927
-4.44167
-9.93895
-6.29841
3.13286
9.6838
7.33149
-1.76135
-9.23482
-8.21783
0.354586
8.601
8.9397
1.05928
-7.79504
-9.48263
-2.45194
6.83306
9.83577
3.79552
-5.73431
-9.99204
-5.06314
4.5208
9.94833
6.22941
-3.21679
-9.7055
-7.27101
1.84841
9.26841
8.16708
-0.443029
-8.64582
-8.89968
-0.971219
7.85018
9.45416
2.36603
-6.89742
-9.81941
-3.71348
5.8066
9.98812
4.98661
-4.59957
-9.95693
-6.15993
3.30048
9.72644
7.20996
-1.93533
-9.30128
-8.11568
0.531438
8.68996
8.85897
0.883086
-7.9047
-9.42494
-2.27994
6.96123
9.80228
3.63115
-5.87844
-9.98342
-4.90969
4.67798
9.96474
6.08996
-3.3839
-9.74662
-7.14834
2.02209
9.33342
8.06365
-0.619805
-8.73341
-8.81756
-0.794884
7.95861
9.39499
2.19366
-7.02451
-9.78438
-3.54854
5.94981
9.97793
4.83239
-4.75603
-9.97178
-6.01952
3.46706
9.76604
7.08617
-2.10869
-9.36483
-8.01099
0.708124
8.77619
8.77546
0.70662
-8.01189
-9.3643
-2.10722
7.08723
9.76571
3.46565
-6.02072
-9.97166
-4.75471
4.83371
9.97803
5.9486
-3.54995
-9.78469
-7.02343
2.19513
9.39551
7.95769
-0.796387
-8.81827
-8.73268
-0.618301
8.06454
9.33288
2.02061
-7.1494
-9.74628
-3.38248
6.09116
9.96462
4.67665
-4.911
-9.98351
-5.87722
3.63256
9.80258
6.96015
-2.2814
-9.42545
-7.90378
0.884588
8.85967
8.68921
0.529933
-8.11656
-9.30073
-1.93385
7.211
9.72609
3.29905
-6.16112
-9.95679
-4.59823
4.98792
9.9882
5.80538
-3.71488
-9.81969
-6.89632
2.36749
9.45465
7.84924
-0.972719
-8.90037
-8.64506
-0.441523
8.16795
9.26785
1.84693
-7.27205
-9.70513
-3.21537
6.23059
9.94818
4.51945
-5.06444
-9.9921
-5.73308
3.79691
9.83604
6.83196
-2.4534
-9.48311
-7.79409
1.06077
8.94037
8.60023
0.353079
-8.21869
-9.23424
-1.75987
7.33252
9.68342
3.13143
-6.29958
-9.93879
-4.44032
5.14056
9.99523
5.66033
-3.87865
-9.85162
-6.76705
2.53911
9.51083
7.73833
-1.14875
-8.97967
-8.55473
-0.264608
8.2688
9.19991
1.67267
-7.39242
-9.66094
-3.04724
6.36808
9.92862
4.36083
-5.21628
-9.99757
-5.58714
3.96008
9.86642
6.70162
-2.62462
-9.5378
-7.68197
1.23663
9.01827
8.50856
0.176115
-8.31825
-9.16485
-1.58533
7.45173
9.63771
2.96282
-6.43607
-9.91767
-4.28101
5.29159
9.99913
5.51351
-4.0412
-9.88046
-6.63566
2.70993
9.56402
7.625
-1.32441
-9.05617
-8.46172
-0.0876088
8.36705
9.12908
1.49788
-7.51047
-9.61373
-2.87817
6.50357
9.90595
4.20085
-5.36649
-9.99991
-5.43945
4.12201
9.89371
6.56918
-2.79502
-9.5895
-7.56743
1.4121
9.09335
8.41422
-0.000904331
-8.4152
-9.0926
-1.4103
7.56862
9.58899
2.79329
-6.57055
-9.89345
-4.12036
5.44097
9.9999
5.36497
-4.20249
-9.9062
-6.50219
2.8799
9.61422
7.50928
-1.49967
-9.12982
-8.36606
0.0894174
8.46269
9.0554
1.32262
-7.62617
-9.5635
-2.70819
6.63702
9.88018
4.03955
-5.51502
-9.99911
-5.29006
4.28264
9.9179
6.43469
-2.96455
-9.63819
-7.45053
1.58712
9.16558
8.31725
-0.177923
-8.50951
-9.01749
-1.23483
7.68313
9.53725
2.62288
-6.70296
-9.86613
-3.95842
5.58864
9.99753
5.21474
-4.36246
-9.92883
-6.36668
3.04897
9.66141
7.3912
-1.67445
-9.20061
-8.26778
0.266416
8.55567
8.97888
1.14695
-7.73948
-9.51027
-2.53736
6.76839
9.85131
3.87698
-5.66182
-9.99517
-5.13901
4.44194
9.93899
6.29818
-3.13315
-9.68387
-7.33129
1.76165
9.23493
8.21766
-0.354887
-8.60116
-8.93956
-1.05898
7.79523
9.48253
2.45164
-6.83328
-9.83571
-3.79524
5.73456
9.99203
5.06288
-4.52106
-9.94836
-6.22918
3.21708
9.70557
7.2708
-1.84871
-9.26852
-8.1669
0.44333
8.64597
8.89954
0.970919
-7.85036
-9.45406
-2.36574
6.89763
9.81935
3.7132
-5.80685
-9.98811
-4.98635
4.59984
9.95695
6.15969
-3.30076
-9.72651
-7.20975
1.93562
9.30139
8.11551
-0.531739
-8.69011
-8.85883
-0.882786
7.90489
9.42484
2.27964
-6.96145
-9.80222
-3.63087
5.87868
9.9834
4.90943
-4.67825
-9.96477
-6.08972
3.38418
9.74669
7.14813
-2.02238
-9.33353
-8.06347
0.620106
8.73356
8.81742
0.794584
-7.95879
-9.39489
-2.19337
7.02472
9.78432
3.54826
-5.95005
-9.97791
-4.83212
4.7563
9.9718
6.01928
-3.46734
-9.7661
-7.08595
2.10899
9.36494
8.0108
-0.708424
-8.77633
-8.77532
-0.70632
8.01207
9.3642
2.10693
-7.08744
-9.76565
-3.46536
6.02096
9.97164
4.75444
-4.83397
-9.97805
-5.94836
3.55023
9.78475
7.02322
-2.19543
-9.39561
-7.95751
0.796687
8.81841
8.73253
0.618
-8.06472
-9.33277
-2.02032
7.14961
9.74622
3.3822
-6.0914
-9.96459
-4.67639
4.91127
9.98352
5.87697
-3.63284
-9.80264
-6.95994
2.2817
9.42555
7.90359
-0.884888
-8.85981
-8.68906
-0.529632
8.11674
9.30062
1.93355
-7.21121
-9.72602
-3.29877
6.16135
9.95676
4.59796
-4.98818
-9.98821
-5.80513
3.71516
9.81975
6.89611
-2.36779
-9.45475
-7.84906
0.973019
8.90051
8.64491
0.441222
-8.16812
-9.26773
-1.84663
7.27225
9.70506
3.21508
-6.23083
-9.94815
-4.51918
5.0647
9.99212
5.73283
-3.79719
-9.83609
-6.83174
2.45369
9.4832
7.79391
-1.06107
-8.94051
-8.60008
-0.352778
8.21887
9.23412
1.75957
-7.33272
-9.68334
-3.13114
6.29982
9.93875
4.44005
-5.14082
-9.99524
-5.66008
3.87893
9.85167
6.76683
-2.5394
-9.51092
-7.73814
1.14905
8.97981
8.55458
0.264306
-8.26896
-9.19979
-1.67237
7.39262
9.66087
3.04696
-6.36831
-9.92858
-4.36056
5.21654
9.99758
5.58689
-3.96036
-9.86647
-6.7014
2.62491
9.53789
7.68177
-1.23693
-9.0184
-8.5084
-0.175814
8.31842
9.16473
1.58504
-7.45194
-9.63763
-2.96253
6.4363
9.91763
4.28074
-5.29185
-9.99913
-5.51326
4.04148
9.8805
6.63544
-2.71022
-9.56411
-7.6248
1.32471
9.0563
8.46156
0.0873074
-8.36722
-9.12896
-1.49758
7.51067
9.61364
2.87788
-6.50379
-9.90591
-4.20058
5.36675
9.99991
5.4392
-4.12228
-9.89376
-6.56896
2.79531
9.58958
7.56724
-1.41239
-9.09348
-8.41406
0.00120577
8.41536
9.09247
1.41001
-7.56881
-9.5889
-2.793
6.57077
9.89341
4.12009
-5.44122
-9.9999
-5.36471
4.20276
9.90624
6.50196
-2.88019
-9.61431
-7.50908
1.49996
9.12994
8.3659
-0.0897188
-8.46285
-9.05527
-1.32232
7.62636
9.56341
2.7079
-6.63724
-9.88013
-4.03927
5.51527
9.9991
5.2898
-4.28292
-9.91794
-6.43446
2.96484
9.63828
7.45033
-1.58742
-9.1657
-8.31708
0.178225
8.50967
9.01736
1.23453
-7.68332
-9.53716
-2.62258
6.70319
9.86608
3.95814
-5.58889
-9.99752
-5.21448
4.36273
9.92887
6.36645
-3.04925
-9.66149
-7.39099
1.67475
9.20073
8.26761
-0.266717
-8.55582
-8.97875
-1.14665
7.73967
9.51017
2.53707
-6.76861
-9.85126
-3.8767
5.66207
9.99516
5.13875
-4.44221
-9.93902
-6.29794
3.13343
9.68395
7.33108
-1.76194
-9.23505
-8.21749
0.355188
8.60131
8.93943
1.05868
-7.79542
-9.48244
-2.45135
6.8335
9.83566
3.79496
-5.73481
-9.99202
-5.06262
4.52133
9.94839
6.22894
-3.21737
-9.70564
-7.2706
1.849
9.26864
8.16673
-0.443631
-8.64612
-8.89941
-0.970619
7.85055
9.45396
2.36544
-6.89785
-9.81929
-3.71292
5.80709
9.98809
4.98609
-4.60011
-9.95698
-6.15945
3.30105
9.72658
7.20954
-1.93592
-9.3015
-8.11533
0.53204
8.69025
8.85869
0.882486
-7.90507
-9.42474
-2.27935
6.96167
9.80216
3.63059
-5.87893
-9.98338
-4.90917
4.67852
9.96479
6.08948
-3.38447
-9.74676
-7.14792
2.02268
9.33364
8.06329
-0.620407
-8.73371
-8.81728
-0.794283
7.95897
9.39478
2.19308
-7.02494
-9.78425
-3.54797
5.9503
9.97789
4.83186
-4.75656
-9.97182
-6.01904
3.46763
9.76617
7.08574
-2.10928
-9.36504
-8.01062
0.708725
8.77648
8.77518
0.706019
-8.01225
-9.36409
-2.10663
7.08765
9.76558
3.46508
-6.0212
-9.97162
-4.75418
4.83424
9.97807
5.94812
-3.55051
-9.78481
-7.023
2.19572
9.39571
7.95733
-0.796988
-8.81856
-8.73239
-0.617699
8.0649
9.33266
2.02002
-7.14982
-9.74615
-3.38192
6.09164
9.96457
4.67612
-4.91153
-9.98354
-5.87673
3.63312
9.80269
6.95972
-2.28199
-9.42565
-7.90341
0.885188
8.85995
8.68891
0.529331
-8.11691
-9.30051
-1.93326
7.21142
9.72595
3.29849
-6.16159
-9.95673
-4.5977
4.98844
9.98823
5.80488
-3.71544
-9.81981
-6.89589
2.36808
9.45484
7.84887
-0.973319
-8.90064
-8.64476
-0.440921
8.1683
9.26762
1.84634
-7.27246
-9.70499
-3.2148
6.23107
9.94811
4.51891
-5.06496
-9.99213
-5.73258
3.79747
9.83615
6.83152
-2.45398
-9.4833
-7.79372
1.06137
8.94064
8.59993
0.352477
-8.21904
-9.23401
-1.75927
7.33293
9.68327
3.13086
-6.30005
-9.93872
-4.43978
5.14108
9.99525
5.65983
-3.87921
-9.85172
-6.76661
2.53969
9.51101
7.73795
-1.14935
-8.97994
-8.55442
-0.264005
8.26913
9.19967
1.67207
-7.39282
-9.66079
-3.04667
6.36854
9.92855
4.36029
-5.2168
-9.99758
-5.58664
3.96064
9.86652
6.70117
-2.6252
-9.53798
-7.68158
1.23723
9.01853
8.50824
0.175512
-8.31858
-9.16461
-1.58474
7.45214
9.63755
2.96225
-6.43653
-9.9176
-4.28046
5.29211
9.99914
5.51301
-4.04176
-9.88055
-6.63521
2.71051
9.5642
7.62461
-1.32501
-9.05642
-8.4614
-0.0870059
8.36738
9.12884
1.49728
-7.51087
-9.61356
-2.87759
6.50402
9.90587
4.2003
-5.367
-9.99991
-5.43895
4.12256
9.8938
6.56873
-2.7956
-9.58967
-7.56704
1.41269
9.0936
8.4139
-0.00150722
-8.41552
-9.09235
-1.40971
7.56901
9.58882
2.79271
-6.571
-9.89336
-4.11981
5.44148
9.9999
5.36446
-4.20304
-9.90628
-6.50173
2.88048
9.61439
7.50888
-1.50026
-9.13007
-8.36573
0.0900203
8.46301
9.05514
1.32202
-7.62656
-9.56332
-2.70761
6.63747
9.88008
4.039
-5.51552
-9.9991
-5.28955
4.28319
9.91798
6.43423
-2.96513
-9.63836
-7.45013
1.58771
9.16582
8.31691
-0.178526
-8.50983
-9.01723
-1.23424
7.68351
9.53707
2.62229
-6.70341
-9.86603
-3.95787
5.58914
9.99752
5.21422
-4.363
-9.92891
-6.36622
3.04954
9.66157
7.39079
-1.67504
-9.20085
-8.26744
0.267018
8.55598
8.97861
1.14635
-7.73986
-9.51008
-2.53678
6.76883
9.8512
3.87643
-5.66232
-9.99515
-5.13849
4.44248
9.93905
6.29771
-3.13372
-9.68402
-7.33088
1.76224
9.23516
8.21732
-0.355489
-8.60146
-8.93929
-1.05838
7.7956
9.48234
2.45106
-6.83372
-9.83561
-3.79468
5.73505
9.99201
5.06236
-4.5216
-9.94842
-6.22871
3.21765
9.70572
7.27039
-1.8493
-9.26875
-8.16656
0.443933
8.64627
8.89927
0.970319
-7.85074
-9.45386
-2.36515
6.89807
9.81924
3.71264
-5.80734
-9.98808
-4.98583
4.60037
9.95701
6.15922
-3.30133
-9.72665
-7.20933
1.93621
9.30161
8.11515
-0.532341
-8.6904
-8.85855
-0.882186
7.90526
9.42464
2.27906
-6.96188
-9.8021
-3.63031
5.87917
9.98337
4.9089
-4.67878
-9.96482
-6.08924
3.38475
9.74682
7.14771
-2.02297
-9.33375
-8.06311
0.620708
8.73385
8.81714
0.793983
-7.95915
-9.39468
-2.19278
7.02515
9.78419
3.54769
-5.95054
-9.97787
-4.8316
4.75683
9.97185
6.0188
-3.46791
-9.76623
-7.08553
2.10958
9.36515
8.01044
-0.709026
-8.77662
-8.77503
-0.705718
8.01243
9.36399
2.10634
-7.08787
-9.76552
-3.4648
6.02144
9.9716
4.75391
-4.8345
-9.97809
-5.94787
3.55079
9.78488
7.02279
-2.19602
-9.39582
-7.95715
0.797288
8.8187
8.73224
0.617398
-8.06508
-9.33256
-2.01973
7.15003
9.74608
3.38163
-6.09187
-9.96454
-4.67585
4.91179
9.98356
5.87649
-3.6334
-9.80275
-6.9595
2.28228
9.42575
7.90322
-0.885488
-8.86009
-8.68876
-0.52903
8.11709
9.3004
1.93296
-7.21163
-9.72588
-3.2982
6.16183
9.9567
4.59743
-4.9887
-9.98824
-5.80464
3.71572
9.81986
6.89567
-2.36837
-9.45494
-7.84868
0.973619
8.90078
8.64461
0.44062
-8.16847
-9.26751
-1.84604
7.27267
9.70492
3.21451
-6.2313
-9.94808
-4.51864
5.06522
9.99214
5.73234
-3.79775
-9.8362
-6.8313
2.45427
9.4834
7.79353
-1.06167
-8.94078
-8.59977
-0.352175
8.21921
9.23389
1.75898
-7.33313
-9.68319
-3.13057
6.30028
9.93869
4.43951
-5.14134
-9.99526
-5.65959
3.87948
9.85177
6.76639
-2.53998
-9.51111
-7.73776
1.14964
8.98007
8.55426
0.263704
-8.2693
-9.19955
-1.67177
7.39302
9.66071
3.04638
-6.36877
-9.92851
-4.36002
5.21705
9.99759
5.58639
-3.96091
-9.86657
-6.70095
2.62549
9.53807
7.68139
-1.23753
-9.01866
-8.50808
-0.175211
8.31875
9.16449
1.58444
-7.45234
-9.63747
-2.96196
6.43677
9.91756
4.28019
-5.29236
-9.99914
-5.51276
4.04203
9.8806
6.63499
-2.7108
-9.56429
-7.62441
1.32531
9.05655
8.46124
0.0867045
-8.36755
-9.12871
-1.49698
7.51107
9.61348
2.8773
-6.50425
-9.90583
-4.20003
5.36726
9.99991
5.43869
-4.12283
-9.89385
-6.5685
2.79589
9.58976
7.56684
-1.41299
-9.09373
-8.41373
0.00180866
8.41569
9.09222
1.40941
-7.56921
-9.58873
-2.79242
6.57123
9.89332
4.11954
-5.44173
-9.99989
-5.3642
4.20331
9.90632
6.5015
-2.88077
-9.61447
-7.50868
1.50056
9.13019
8.36557
-0.0903217
-8.46317
-9.05502
-1.32172
7.62675
9.56323
2.70732
-6.63769
-9.88004
-4.03872
5.51578
9.99909
5.28929
-4.28346
-9.91802
-6.434
2.96541
9.63844
7.44993
-1.58801
-9.16594
-8.31674
0.178828
8.50999
9.0171
1.23394
-7.6837
-9.53698
-2.622
6.70363
9.86598
3.95759
-5.58939
-9.99751
-5.21397
4.36328
9.92894
6.36599
-3.04983
-9.66164
-7.39059
1.67534
9.20097
8.26727
-0.26732
-8.55614
-8.97848
-1.14605
7.74005
9.50999
2.53648
-6.76905
-9.85115
-3.87615
5.66257
9.99515
5.13823
-4.44275
-9.93909
-6.29748
3.13401
9.6841
7.33067
-1.76254
-9.23528
-8.21715
0.355791
8.60162
8.93916
1.05808
-7.79579
-9.48225
-2.45077
6.83394
9.83555
3.7944
-5.7353
-9.992
-5.0621
4.52187
9.94845
6.22847
-3.21794
-9.70579
-7.27018
1.84959
9.26886
8.16638
-0.444234
-8.64642
-8.89913
-0.970019
7.85092
9.45376
2.36486
-6.89829
-9.81918
-3.71236
5.80758
9.98806
4.98556
-4.60064
-9.95704
-6.15898
3.30162
9.72672
7.20912
-1.93651
-9.30172
-8.11498
0.532642
8.69055
8.85841
0.881885
-7.90544
-9.42454
-2.27876
6.9621
9.80204
3.63003
-5.87941
-9.98335
-4.90864
4.67905
9.96484
6.08901
-3.38504
-9.74689
-7.1475
2.02327
9.33385
8.06294
-0.621009
-8.734
-8.81699
-0.793682
7.95934
9.39458
2.19249
-7.02537
-9.78413
-3.54741
5.95078
9.97785
4.83133
-4.75709
-9.97187
-6.01855
3.46819
9.7663
7.08532
-2.10987
-9.36525
-8.01026
0.709326
8.77676
8.77489
0.705418
-8.01261
-9.36388
-2.10604
7.08808
9.76545
3.46452
-6.02168
-9.97157
-4.75365
4.83476
9.97811
5.94763
-3.55107
-9.78494
-7.02258
2.19631
9.39592
7.95696
-0.797589
-8.81884
-8.73209
-0.617097
8.06525
9.33245
2.01943
-7.15024
-9.74601
-3.38135
6.09211
9.96451
4.67559
-4.91205
-9.98357
-5.87624
3.63368
9.80281
6.95929
-2.28258
-9.42585
-7.90304
0.885789
8.86023
8.68861
0.528729
-8.11727
-9.30028
-1.93266
7.21184
9.72581
3.29792
-6.16207
-9.95667
-4.59716
4.98896
9.98825
5.80439
-3.716
-9.81992
-6.89545
2.36866
9.45504
7.8485
-0.973919
-8.90092
-8.64445
-0.440319
8.16864
9.26739
1.84574
-7.27287
-9.70484
-3.21423
6.23154
9.94805
4.51838
-5.06548
-9.99215
-5.73209
3.79803
9.83626
6.83108
-2.45457
-9.48349
-7.79334
1.06197
8.94091
8.59962
0.351874
-8.21938
-9.23377
-1.75868
7.33334
9.68312
3.13028
-6.30052
-9.93865
-4.43924
5.14159
9.99527
5.65934
-3.87976
-9.85182
-6.76617
2.54027
9.5112
7.73757
-1.14994
-8.98021
-8.55411
-0.263402
8.26947
9.19943
1.67148
-7.39323
-9.66063
-3.0461
6.36901
9.92847
4.35975
-5.21731
-9.9976
-5.58614
3.96119
9.86662
6.70073
-2.62578
-9.53816
-7.6812
1.23783
9.0188
8.50793
0.174909
-8.31892
-9.16437
-1.58414
7.45254
9.63739
2.96167
-6.437
-9.91752
-4.27992
5.29262
9.99915
5.51251
-4.04231
-9.88064
-6.63476
2.71109
9.56438
7.62422
-1.32561
-9.05668
-8.46108
-0.0864031
8.36771
9.12859
1.49669
-7.51127
-9.61339
-2.87701
6.50448
9.90578
4.19976
-5.36751
-9.99991
-5.43844
4.12311
9.89389
6.56828
-2.79618
-9.58984
-7.56665
1.41329
9.09385
8.41357
-0.0021101
-8.41585
-9.0921
-1.40911
7.5694
9.58864
2.79213
-6.57146
-9.89328
-4.11926
5.44198
9.99989
5.36395
-4.20359
-9.90636
-6.50128
2.88105
9.61456
7.50848
-1.50086
-9.13031
-8.3654
0.0906231
8.46333
9.05489
1.32143
-7.62695
-9.56314
-2.70703
6.63792
9.87999
4.03845
-5.51603
-9.99909
-5.28904
4.28373
9.91806
6.43377
-2.9657
-9.63852
-7.44972
1.58831
9.16606
8.31658
-0.179129
-8.51014
-9.01697
-1.23364
7.6839
9.53689
2.62171
-6.70386
-9.86593
-3.95731
5.58964
9.9975
5.21371
-4.36355
-9.92898
-6.36575
3.05012
9.66172
7.39039
-1.67564
-9.20109
-8.2671
0.267621
8.55629
8.97835
1.14575
-7.74024
-9.50989
-2.53619
6.76927
9.8511
3.87587
-5.66282
-9.99514
-5.13797
4.44302
9.93912
6.29724
-3.13429
-9.68417
-7.33047
1.76283
9.23539
8.21698
-0.356092
-8.60177
-8.93902
-1.05778
7.79598
9.48215
2.45047
-6.83416
-9.8355
-3.79413
5.73555
9.99198
5.06184
-4.52214
-9.94848
-6.22824
3.21822
9.70586
7.26998
-1.84989
-9.26898
-8.16621
0.444535
8.64657
8.89899
0.969719
-7.85111
-9.45367
-2.36456
6.89851
9.81912
3.71208
-5.80783
-9.98805
-4.9853
4.60091
9.95707
6.15874
-3.3019
-9.72679
-7.20891
1.9368
9.30183
8.1148
-0.532943
-8.6907
-8.85827
-0.881585
7.90562
9.42444
2.27847
-6.96232
-9.80198
-3.62975
5.87966
9.98333
4.90838
-4.67932
-9.96487
-6.08877
3.38532
9.74696
7.14729
-2.02357
-9.33396
-8.06276
0.621309
8.73415
8.81685
0.793382
-7.95952
-9.39447
-2.19219
7.02558
9.78407
3.54713
-5.95102
-9.97783
-4.83107
4.75736
9.97189
6.01831
-3.46847
-9.76636
-7.0851
2.11017
9.36536
8.01008
-0.709627
-8.77691
-8.77474
-0.705117
8.01279
9.36377
2.10575
-7.08829
-9.76539
-3.46423
6.02192
9.97155
4.75338
-4.83503
-9.97813
-5.94739
3.55136
9.785
7.02236
-2.19661
-9.39602
-7.95678
0.797889
8.81898
8.73194
0.616796
-8.06543
-9.33234
-2.01914
7.15045
9.74595
3.38106
-6.09235
-9.96449
-4.67532
4.91232
9.98359
5.876
-3.63396
-9.80287
-6.95907
2.28287
9.42595
7.90285
-0.886089
-8.86037
-8.68846
-0.528428
8.11744
9.30017
1.93237
-7.21205
-9.72574
-3.29763
6.1623
9.95665
4.59689
-4.98922
-9.98827
-5.80415
3.71628
9.81998
6.89523
-2.36896
-9.45514
-7.84831
0.974219
8.90106
8.6443
0.440018
-8.16882
-9.26728
-1.84545
7.27308
9.70477
3.21394
-6.23177
-9.94802
-4.51811
5.06574
9.99216
5.73184
-3.79831
-9.83631
-6.83086
2.45486
9.48359
7.79315
-1.06227
-8.94105
-8.59946
-0.351573
8.21955
9.23366
1.75838
-7.33354
-9.68304
-3.13
6.30075
9.93862
4.43897
-5.14185
-9.99528
-5.65909
3.88004
9.85188
6.76594
-2.54057
-9.51129
-7.73738
1.15024
8.98034
8.55395
0.263101
-8.26964
-9.19932
-1.67118
7.39343
9.66055
3.04581
-6.36924
-9.92844
-4.35948
5.21757
9.9976
5.58589
-3.96147
-9.86667
-6.7005
2.62608
9.53825
7.681
-1.23812
-9.01893
-8.50777
-0.174608
8.31909
9.16425
1.58385
-7.45274
-9.63731
-2.96138
6.43723
9.91748
4.27965
-5.29287
-9.99915
-5.51225
4.04258
9.88069
6.63453
-2.71138
-9.56446
-7.62402
1.32591
9.05681
8.46092
0.0861016
-8.36788
-9.12847
-1.49639
7.51146
9.61331
2.87672
-6.50471
-9.90574
-4.19948
5.36776
9.99991
5.43819
-4.12338
-9.89393
-6.56805
2.79647
9.58993
7.56645
-1.41359
-9.09398
-8.41341
0.00241155
8.41601
9.09197
1.40881
-7.5696
-9.58856
-2.79184
6.57168
9.89323
4.11899
-5.44223
-9.99989
-5.36369
4.20386
9.9064
6.50105
-2.88134
-9.61464
-7.50828
1.50116
9.13044
8.36524
-0.0909245
-8.46349
-9.05476
-1.32113
7.62714
9.56305
2.70674
-6.63814
-9.87994
-4.03817
5.51628
9.99909
5.28878
-4.28401
-9.9181
-6.43354
2.96599
9.6386
7.44952
-1.58861
-9.16618
-8.31641
0.17943
8.5103
9.01684
1.23334
-7.68409
-9.5368
-2.62142
6.70408
9.86588
3.95704
-5.58989
-9.9975
-5.21345
4.36382
9.92901
6.36552
-3.0504
-9.6618
-7.39018
1.67593
9.20121
8.26693
-0.267922
-8.55645
-8.97822
-1.14545
7.74043
9.5098
2.5359
-6.76949
-9.85105
-3.87559
5.66306
9.99513
5.13772
-4.44329
-9.93915
-6.29701
3.13458
9.68425
7.33026
-1.76313
-9.23551
-8.2168
0.356393
8.60192
8.93889
1.05748
-7.79617
-9.48206
-2.45018
6.83438
9.83544
3.79385
-5.73579
-9.99197
-5.06158
4.52241
9.94851
6.228
-3.21851
-9.70593
-7.26977
1.85019
9.26909
8.16603
-0.444836
-8.64673
-8.89886
-0.969419
7.8513
9.45357
2.36427
-6.89873
-9.81907
-3.7118
5.80808
9.98803
4.98504
-4.60118
-9.95709
-6.1585
3.30218
9.72686
7.20871
-1.9371
-9.30194
-8.11462
0.533244
8.69085
8.85813
0.881285
-7.90581
-9.42434
-2.27817
6.96253
9.80192
3.62947
-5.8799
-9.98331
-4.90811
4.67958
9.96489
6.08853
-3.3856
-9.74703
-7.14708
2.02386
9.33407
8.06258
-0.62161
-8.73429
-8.81671
-0.793081
7.9597
9.39437
2.1919
-7.02579
-9.78401
-3.54685
5.95127
9.97781
4.8308
-4.75762
-9.97191
-6.01807
3.46876
9.76643
7.08489
-2.11046
-9.36547
-8.0099
0.709928
8.77705
8.7746
0.704816
-8.01297
-9.36367
-2.10545
7.08851
9.76532
3.46395
-6.02216
-9.97153
-4.75312
4.83529
9.97815
5.94715
-3.55164
-9.78506
-7.02215
2.1969
9.39613
7.9566
-0.79819
-8.81913
-8.7318
-0.616496
8.06561
9.33223
2.01884
-7.15066
-9.74588
-3.38078
6.09259
9.96446
4.67505
-4.91258
-9.98361
-5.87576
3.63424
9.80293
6.95885
-2.28316
-9.42605
-7.90267
0.886389
8.86051
8.68831
0.528127
-8.11762
-9.30006
-1.93207
7.21226
9.72567
3.29735
-6.16254
-9.95662
-4.59663
4.98948
9.98828
5.8039
-3.71656
-9.82003
-6.89501
2.36925
9.45524
7.84812
-0.974519
-8.90119
-8.64415
-0.439716
8.16899
9.26717
1.84515
-7.27329
-9.7047
-3.21366
6.23201
9.94799
4.51784
-5.066
-9.99218
-5.7316
3.79859
9.83637
6.83064
-2.45515
-9.48368
-7.79296
1.06257
8.94118
8.59931
0.351272
-8.21972
-9.23354
-1.75809
7.33375
9.68297
3.12971
-6.30099
-9.93859
-4.4387
5.14211
9.99529
5.65884
-3.88032
-9.85193
-6.76572
2.54086
9.51138
7.73719
-1.15054
-8.98047
-8.55379
-0.262799
8.26981
9.1992
1.67088
-7.39363
-9.66048
-3.04552
6.36947
9.9284
4.35921
-5.21782
-9.99761
-5.58564
3.96174
9.86672
6.70028
-2.62637
-9.53834
-7.68081
1.23842
9.01906
8.50761
0.174307
-8.31925
-9.16413
-1.58355
7.45294
9.63723
2.96109
-6.43746
-9.91744
-4.27937
5.29313
9.99915
5.512
-4.04286
-9.88073
-6.63431
2.71167
9.56455
7.62383
-1.32621
-9.05693
-8.46076
-0.0858002
8.36804
9.12835
1.49609
-7.51166
-9.61323
-2.87643
6.50494
9.9057
4.19921
-5.36802
-9.99991
-5.43793
4.12366
9.89398
6.56782
-2.79676
-9.59001
-7.56625
1.41389
9.0941
8.41324
-0.00271299
-8.41618
-9.09184
-1.40851
7.5698
9.58847
2.79155
-6.57191
-9.89319
-4.11871
5.44249
9.99989
5.36344
-4.20413
-9.90644
-6.50082
2.88163
9.61472
7.50808
-1.50145
-9.13056
-8.36507
0.091226
8.46365
9.05463
1.32083
-7.62734
-9.56297
-2.70645
6.63837
9.8799
4.03789
-5.51653
-9.99908
-5.28852
4.28428
9.91814
6.4333
-2.96628
-9.63868
-7.44932
1.58891
9.1663
8.31624
-0.179732
-8.51046
-9.01671
-1.23304
7.68428
9.53671
2.62113
-6.7043
-9.86583
-3.95676
5.59014
9.99749
5.2132
-4.36409
-9.92905
-6.36529
3.05069
9.66188
7.38998
-1.67623
-9.20132
-8.26676
0.268224
8.5566
8.97808
1.14515
-7.74062
-9.50971
-2.53561
6.76972
9.851
3.87532
-5.66331
-9.99512
-5.13746
4.44356
9.93919
6.29677
-3.13486
-9.68432
-7.33006
1.76343
9.23563
8.21663
-0.356694
-8.60208
-8.93875
-1.05718
7.79636
9.48196
2.44989
-6.8346
-9.83539
-3.79357
5.73604
9.99196
5.06132
-4.52268
-9.94854
-6.22776
3.21879
9.70601
7.26956
-1.85048
-9.2692
-8.16586
0.445137
8.64688
8.89872
0.969119
-7.85148
-9.45347
-2.36398
6.89894
9.81901
3.71152
-5.80832
-9.98802
-4.98478
4.60144
9.95712
6.15827
-3.30247
-9.72693
-7.2085
1.9374
9.30206
8.11445
-0.533545
-8.691
-8.85799
-0.880984
7.90599
9.42424
2.27788
-6.96275
-9.80186
-3.62919
5.88014
9.9833
4.90785
-4.67985
-9.96492
-6.08829
3.38589
9.74709
7.14687
-2.02416
-9.33418
-8.0624
0.621911
8.73444
8.81657
0.792781
-7.95988
-9.39427
-2.19161
7.02601
9.78394
3.54657
-5.95151
-9.97779
-4.83054
4.75789
9.97194
6.01783
-3.46904
-9.76649
-7.08468
2.11076
9.36557
8.00972
-0.710229
-8.7772
-8.77445
-0.704515
8.01315
9.36356
2.10516
-7.08872
-9.76526
-3.46367
6.02241
9.97151
4.75285
-4.83555
-9.97817
-5.9469
3.55192
9.78513
7.02193
-2.19719
-9.39623
-7.95642
0.79849
8.81927
8.73165
0.616195
-8.06579
-9.33212
-2.01855
7.15087
9.74581
3.3805
-6.09283
-9.96444
-4.67479
4.91284
9.98363
5.87551
-3.63452
-9.80299
-6.95864
2.28346
9.42615
7.90249
-0.886689
-8.86065
-8.68817
-0.527826
8.11779
9.29995
1.93178
-7.21247
-9.7256
-3.29706
6.16278
9.95659
4.59636
-4.98974
-9.9883
-5.80366
3.71684
9.82009
6.8948
-2.36954
-9.45534
-7.84794
0.974819
8.90133
8.644
0.439415
-8.16917
-9.26705
-1.84485
7.27349
9.70463
3.21337
-6.23224
-9.94796
-4.51757
5.06626
9.99219
5.73135
-3.79887
-9.83642
-6.83042
2.45544
9.48378
7.79277
-1.06287
-8.94132
-8.59916
-0.35097
8.2199
9.23343
1.75779
-7.33395
-9.68289
-3.12942
6.30122
9.93855
4.43843
-5.14237
-9.99529
-5.65859
3.88059
9.85198
6.7655
-2.54115
-9.51148
-7.737
1.15084
8.9806
8.55364
0.262498
-8.26998
-9.19908
-1.67059
7.39384
9.6604
3.04524
-6.3697
-9.92837
-4.35893
5.21808
9.99762
5.58539
-3.96202
-9.86677
-6.70005
2.62666
9.53843
7.68062
-1.23872
-9.01919
-8.50745
-0.174005
8.31942
9.16401
1.58325
-7.45314
-9.63715
-2.96081
6.43769
9.9174
4.2791
-5.29338
-9.99916
-5.51175
4.04313
9.88078
6.63408
-2.71196
-9.56464
-7.62363
1.32651
9.05706
8.4606
0.0854988
-8.36821
-9.12822
-1.49579
7.51186
9.61315
2.87615
-6.50517
-9.90566
-4.19893
5.36827
9.99991
5.43768
-4.12393
-9.89402
-6.56759
2.79705
9.5901
7.56605
-1.41418
-9.09423
-8.41308
0.00301444
8.41634
9.09172
1.40822
-7.56999
-9.58839
-2.79126
6.57214
9.89314
4.11844
-5.44274
-9.99989
-5.36319
4.20441
9.90649
6.50059
-2.88192
-9.6148
-7.50788
1.50175
9.13068
8.3649
-0.0915274
-8.46381
-9.0545
-1.32053
7.62753
9.56288
2.70616
-6.63859
-9.87985
-4.03762
5.51678
9.99908
5.28827
-4.28455
-9.91817
-6.43307
2.96656
9.63876
7.44912
-1.5892
-9.16642
-8.31607
0.180033
8.51062
9.01658
1.23274
-7.68448
-9.53662
-2.62084
6.70453
9.86578
3.95648
-5.59039
-9.99748
-5.21294
4.36436
9.92909
6.36506
-3.05098
-9.66196
-7.38978
1.67653
9.20144
8.26659
-0.268525
-8.55676
-8.97795
-1.14485
7.74082
9.50961
2.53532
-6.76994
-9.85094
-3.87504
5.66356
9.99511
5.1372
-4.44383
-9.93922
-6.29654
3.13515
9.6844
7.32985
-1.76372
-9.23574
-8.21646
0.356996
8.60223
8.93862
1.05688
-7.79655
-9.48186
-2.4496
6.83482
9.83533
3.79329
-5.73629
-9.99195
-5.06106
4.52295
9.94857
6.22753
-3.21908
-9.70608
-7.26936
1.85078
9.26932
8.16569
-0.445438
-8.64703
-8.89858
-0.968819
7.85167
9.45337
2.36369
-6.89916
-9.81895
-3.71124
5.80857
9.98801
4.98452
-4.60171
-9.95715
-6.15803
3.30275
9.727
7.20829
-1.93769
-9.30217
-8.11427
0.533846
8.69115
8.85785
0.880684
-7.90618
-9.42414
-2.27759
6.96297
9.8018
3.6289
-5.88039
-9.98328
-4.90759
4.68012
9.96494
6.08805
-3.38617
-9.74716
-7.14666
2.02445
9.33429
8.06222
-0.622212
-8.73459
-8.81642
-0.792481
7.96007
9.39416
2.19131
-7.02622
-9.78388
-3.54628
5.95175
9.97777
4.83028
-4.75815
-9.97196
-6.01759
3.46932
9.76656
7.08446
-2.11105
-9.36568
-8.00954
0.710529
8.77734
8.77431
0.704215
-8.01333
-9.36346
-2.10486
7.08893
9.76519
3.46338
-6.02265
-9.97148
-4.75258
4.83582
9.97819
5.94666
-3.5522
-9.78519
-7.02172
2.19749
9.39633
7.95623
-0.798791
-8.81941
-8.7315
-0.615894
8.06597
9.33201
2.01825
-7.15108
-9.74574
-3.38021
6.09307
9.96441
4.67452
-4.9131
-9.98364
-5.87527
3.6348
9.80305
6.95842
-2.28375
-9.42625
-7.9023
0.88699
8.86079
8.68802
0.527525
-8.11797
-9.29984
-1.93148
7.21267
9.72553
3.29678
-6.16302
-9.95656
-4.59609
4.99001
9.98831
5.80341
-3.71712
-9.82015
-6.89458
2.36984
9.45543
7.84775
-0.975119
-8.90147
-8.64385
-0.439114
8.16934
9.26694
1.84456
-7.2737
-9.70455
-3.21308
6.23248
9.94793
4.5173
-5.06652
-9.9922
-5.7311
3.79914
9.83648
6.8302
-2.45573
-9.48387
-7.79258
1.06317
8.94145
8.599
0.350669
-8.22007
-9.23331
-1.75749
7.33416
9.68282
3.12914
-6.30145
-9.93852
-4.43816
5.14263
9.9953
5.65834
-3.88087
-9.85203
-6.76528
2.54144
9.51157
7.73681
-1.15114
-8.98074
-8.55348
-0.262197
8.27015
9.19896
1.67029
-7.39404
-9.66032
-3.04495
6.36994
9.92833
4.35866
-5.21834
-9.99762
-5.58514
3.9623
9.86682
6.69983
-2.62695
-9.53852
-7.68042
1.23902
9.01932
8.50729
0.173704
-8.31959
-9.16389
-1.58295
7.45334
9.63707
2.96052
-6.43792
-9.91736
-4.27883
5.29364
9.99916
5.5115
-4.04341
-9.88083
-6.63386
2.71225
9.56473
7.62344
-1.3268
-9.05719
-8.46044
-0.0851973
8.36837
9.1281
1.49549
-7.51206
-9.61306
-2.87586
6.5054
9.90562
4.19866
-5.36853
-9.99992
-5.43743
4.12421
9.89406
6.56737
-2.79734
-9.59018
-7.56586
1.41448
9.09435
8.41292
-0.00331588
-8.4165
-9.09159
-1.40792
7.57019
9.5883
2.79097
-6.57237
-9.8931
-4.11816
5.44299
9.99989
5.36293
-4.20468
-9.90653
-6.50036
2.88221
9.61489
7.50768
-1.50205
-9.13081
-8.36474
0.0918288
8.46397
9.05438
1.32023
-7.62773
-9.56279
-2.70587
6.63882
9.8798
4.03734
-5.51703
-9.99907
-5.28801
4.28482
9.91821
6.43284
-2.96685
-9.63884
-7.44892
1.5895
9.16654
8.31591
-0.180335
-8.51078
-9.01645
-1.23244
7.68467
9.53653
2.62055
-6.70475
-9.86573
-3.95621
5.59064
9.99748
5.21268
-4.36463
-9.92912
-6.36482
3.05126
9.66203
7.38957
-1.67683
-9.20156
-8.26642
0.268826
8.55692
8.97782
1.14455
-7.74101
-9.50952
-2.53503
6.77016
9.85089
3.87476
-5.66381
-9.9951
-5.13694
4.4441
9.93925
6.2963
-3.13544
-9.68447
-7.32965
1.76402
9.23586
8.21629
-0.357297
-8.60239
-8.93848
-1.05658
7.79674
9.48177
2.44931
-6.83504
-9.83528
-3.79301
5.73654
9.99194
5.0608
-4.52322
-9.9486
-6.22729
3.21936
9.70615
7.26915
-1.85108
-9.26943
-8.16551
0.445739
8.64718
8.89844
0.968519
-7.85186
-9.45327
-2.36339
6.89938
9.81889
3.71096
-5.80881
-9.98799
-4.98426
4.60198
9.95718
6.15779
-3.30304
-9.72707
-7.20808
1.93799
9.30228
8.1141
-0.534147
-8.6913
-8.85771
-0.880384
7.90636
9.42404
2.27729
-6.96318
-9.80174
-3.62862
5.88063
9.98326
4.90733
-4.68038
-9.96497
-6.08781
3.38645
9.74723
7.14645
-2.02475
-9.3344
-8.06204
0.622513
8.73473
8.81628
0.79218
-7.96025
-9.39406
-2.19102
7.02644
9.78382
3.546
-5.95199
-9.97775
-4.83001
4.75842
9.97198
6.01735
-3.4696
-9.76662
-7.08425
2.11135
9.36578
8.00936
-0.71083
-8.77749
-8.77416
-0.703914
8.01351
9.36335
2.10457
-7.08914
-9.76513
-3.4631
6.02289
9.97146
4.75232
-4.83608
-9.97821
-5.94642
3.55248
9.78525
7.0215
-2.19778
-9.39644
-7.95605
0.799091
8.81955
8.73136
0.615593
-8.06614
-9.33191
-2.01796
7.15129
9.74568
3.37993
-6.09331
-9.96439
-4.67425
4.91337
9.98366
5.87502
-3.63508
-9.80311
-6.9582
2.28404
9.42635
7.90212
-0.88729
-8.86093
-8.68787
-0.527224
8.11815
9.29973
1.93118
-7.21288
-9.72546
-3.29649
6.16325
9.95653
4.59582
-4.99027
-9.98833
-5.80317
3.7174
9.82021
6.89436
-2.37013
-9.45553
-7.84756
0.975419
8.9016
8.6437
0.438813
-8.16951
-9.26683
-1.84426
7.27391
9.70448
3.2128
-6.23272
-9.9479
-4.51703
5.06678
9.99221
5.73085
-3.79942
-9.83653
-6.82998
2.45603
9.48397
7.79239
-1.06347
-8.94159
-8.59885
-0.350368
8.22024
9.2332
1.7572
-7.33436
-9.68274
-3.12885
6.30169
9.93849
4.43789
-5.14289
-9.99531
-5.65809
3.88115
9.85208
6.76506
-2.54173
-9.51166
-7.73662
1.15144
8.98087
8.55333
0.261895
-8.27032
-9.19884
-1.66999
7.39424
9.66024
3.04466
-6.37017
-9.92829
-4.35839
5.2186
9.99763
5.58489
-3.96257
-9.86686
-6.69961
2.62724
9.53861
7.68023
-1.23932
-9.01945
-8.50713
-0.173402
8.31975
9.16377
1.58266
-7.45354
-9.63699
-2.96023
6.43815
9.91732
4.27856
-5.2939
-9.99917
-5.51125
4.04369
9.88087
6.63363
-2.71254
-9.56482
-7.62324
1.3271
9.05732
8.46028
0.0848959
-8.36854
-9.12798
-1.4952
7.51226
9.61298
2.87557
-6.50563
-9.90558
-4.19839
5.36878
9.99992
5.43718
-4.12448
-9.89411
-6.56714
2.79763
9.59027
7.56566
-1.41478
-9.09448
-8.41275
0.00361732
8.41666
9.09147
1.40762
-7.57039
-9.58822
-2.79068
6.57259
9.89306
4.11789
-5.44325
-9.99989
-5.36268
4.20495
9.90657
6.50013
-2.8825
-9.61497
-7.50748
1.50235
9.13093
8.36457
-0.0921303
-8.46413
-9.05425
-1.31993
7.62792
9.5627
2.70558
-6.63904
-9.87976
-4.03707
5.51728
9.99907
5.28776
-4.2851
-9.91825
-6.43261
2.96714
9.63892
7.44872
-1.5898
-9.16666
-8.31574
0.180636
8.51093
9.01632
1.23214
-7.68486
-9.53644
-2.62026
6.70498
9.86569
3.95593
-5.59089
-9.99747
-5.21242
4.3649
9.92916
6.36459
-3.05155
-9.66211
-7.38937
1.67712
9.20168
8.26625
-0.269128
-8.55707
-8.97768
-1.14425
7.7412
9.50943
2.53473
-6.77038
-9.85084
-3.87448
5.66406
9.99509
5.13668
-4.44437
-9.93929
-6.29607
3.13572
9.68455
7.32944
-1.76432
-9.23597
-8.21612
0.357598
8.60254
8.93835
1.05628
-7.79693
-9.48167
-2.44901
6.83526
9.83522
3.79273
-5.73678
-9.99192
-5.06054
4.52348
9.94863
6.22706
-3.21965
-9.70622
-7.26894
1.85137
9.26954
8.16534
-0.446041
-8.64733
-8.89831
-0.968219
7.85204
9.45317
2.3631
-6.8996
-9.81884
-3.71068
5.80906
9.98798
4.984
-4.60225
-9.9572
-6.15755
3.30332
9.72714
7.20787
-1.93828
-9.30239
-8.11392
0.534448
8.69145
8.85757
0.880084
-7.90655
-9.42394
-2.277
6.9634
9.80168
3.62834
-5.88088
-9.98324
-4.90706
4.68065
9.96499
6.08757
-3.38674
-9.7473
-7.14623
2.02504
9.3345
8.06187
-0.622814
-8.73488
-8.81614
-0.79188
7.96043
9.39396
2.19072
-7.02665
-9.78376
-3.54572
5.95223
9.97773
4.82975
-4.75868
-9.972
-6.01711
3.46989
9.76669
7.08404
-2.11164
-9.36589
-8.00918
0.711131
8.77763
8.77402
0.703613
-8.01369
-9.36324
-2.10427
7.08936
9.76506
3.46282
-6.02313
-9.97144
-4.75205
4.83635
9.97823
5.94618
-3.55277
-9.78531
-7.02129
2.19808
9.39654
7.95587
-0.799392
-8.81969
-8.73121
-0.615292
8.06632
9.3318
2.01766
-7.1515
-9.74561
-3.37965
6.09355
9.96436
4.67399
-4.91363
-9.98368
-5.87478
3.63536
9.80317
6.95799
-2.28434
-9.42645
-7.90193
0.88759
8.86107
8.68772
0.526923
-8.11832
-9.29962
-1.93089
7.21309
9.72539
3.29621
-6.16349
-9.95651
-4.59555
4.99053
9.98834
5.80292
-3.71768
-9.82026
-6.89414
2.37042
9.45563
7.84738
-0.975719
-8.90174
-8.64354
-0.438512
8.16969
9.26671
1.84397
-7.27411
-9.70441
-3.21251
6.23295
9.94787
4.51676
-5.06704
-9.99222
-5.73061
3.7997
9.83658
6.82976
-2.45632
-9.48406
-7.79221
1.06377
8.94172
8.59869
0.350067
-8.22041
-9.23308
-1.7569
7.33457
9.68267
3.12857
-6.30192
-9.93845
-4.43762
5.14315
9.99532
5.65785
-3.88143
-9.85213
-6.76483
2.54202
9.51176
7.73642
-1.15174
-8.981
-8.55317
-0.261594
8.27049
9.19872
1.66969
-7.39445
-9.66017
-3.04437
6.3704
9.92826
4.35812
-5.21885
-9.99764
-5.58464
3.96285
9.86691
6.69938
-2.62753
-9.5387
-7.68004
1.23962
9.01958
8.50698
0.173101
-8.31992
-9.16365
-1.58236
7.45374
9.63691
2.95994
-6.43838
-9.91729
-4.27829
5.29415
9.99917
5.511
-4.04396
-9.88092
-6.63341
2.71283
9.5649
7.62305
-1.3274
-9.05745
-8.46012
-0.0845945
8.3687
9.12785
1.4949
-7.51246
-9.6129
-2.87528
6.50585
9.90554
4.19811
-5.36904
-9.99992
-5.43692
4.12476
9.89415
6.56691
-2.79792
-9.59035
-7.56546
1.41508
9.0946
8.41259
-0.00391877
-8.41683
-9.09134
-1.40732
7.57059
9.58813
2.79039
-6.57282
-9.89301
-4.11761
5.4435
9.99988
5.36242
-4.20523
-9.90661
-6.4999
2.88279
9.61505
7.50728
-1.50265
-9.13105
-8.36441
0.0924317
8.46429
9.05412
1.31963
-7.62812
-9.56261
-2.70529
6.63927
9.87971
4.03679
-5.51754
-9.99907
-5.2875
4.28537
9.91829
6.43238
-2.96743
-9.639
-7.44852
1.5901
9.16678
8.31557
-0.180937
-8.51109
-9.01619
-1.23184
7.68505
9.53635
2.61997
-6.7052
-9.86564
-3.95565
5.59114
9.99746
5.21217
-4.36517
-9.92919
-6.36436
3.05184
9.66219
7.38917
-1.67742
-9.2018
-8.26608
0.269429
8.55723
8.97755
1.14396
-7.74139
-9.50933
-2.53444
6.7706
9.85079
3.8742
-5.66431
-9.99508
-5.13642
4.44464
9.93932
6.29584
-3.13601
-9.68462
-7.32924
1.76461
9.23609
8.21595
-0.357899
-8.60269
-8.93821
-1.05598
7.79711
9.48158
2.44872
-6.83548
-9.83517
-3.79245
5.73703
9.99191
5.06028
-4.52375
-9.94867
-6.22682
3.21993
9.7063
7.26873
-1.85167
-9.26966
-8.16516
0.446342
8.64748
8.89817
0.967919
-7.85223
-9.45308
-2.36281
6.89982
9.81878
3.7104
-5.8093
-9.98796
-4.98373
4.60251
9.95723
6.15732
-3.30361
-9.72721
-7.20766
1.93858
9.3025
8.11374
-0.534749
-8.6916
-8.85743
-0.879783
7.90673
9.42383
2.27671
-6.96361
-9.80162
-3.62806
5.88112
9.98323
4.9068
-4.68091
-9.96502
-6.08733
3.38702
9.74736
7.14602
-2.02534
-9.33461
-8.06169
0.623115
8.73503
8.816
0.791579
-7.96061
-9.39385
-2.19043
7.02687
9.78369
3.54544
-5.95248
-9.97771
-4.82948
4.75895
9.97203
6.01687
-3.47017
-9.76675
-7.08383
2.11194
9.36599
8.009
-0.711431
-8.77778
-8.77387
-0.703313
8.01387
9.36314
2.10398
-7.08957
-9.765
-3.46254
6.02337
9.97141
4.75179
-4.83661
-9.97825
-5.94594
3.55305
9.78537
7.02107
-2.19837
-9.39664
-7.95568
0.799692
8.81984
8.73106
0.614991
-8.0665
-9.33169
-2.01737
7.15171
9.74554
3.37936
-6.09379
-9.96434
-4.67372
4.91389
9.9837
5.87454
-3.63565
-9.80323
-6.95777
2.28463
9.42655
7.90175
-0.88789
-8.8612
-8.68757
-0.526622
8.1185
9.29951
1.93059
-7.2133
-9.72532
-3.29592
6.16373
9.95648
4.59529
-4.99079
-9.98836
-5.80268
3.71796
9.82032
6.89392
-2.37071
-9.45573
-7.84719
0.976019
8.90188
8.64339
0.438211
-8.16986
-9.2666
-1.84367
7.27432
9.70434
3.21223
-6.23319
-9.94784
-4.51649
5.0673
9.99224
5.73036
-3.79998
-9.83664
-6.82954
2.45661
9.48416
7.79202
-1.06407
-8.94186
-8.59854
-0.349765
8.22058
9.23296
1.7566
-7.33477
-9.68259
-3.12828
6.30216
9.93842
4.43735
-5.1434
-9.99533
-5.6576
3.88171
9.85219
6.76461
-2.54232
-9.51185
-7.73623
1.15204
8.98113
8.55301
0.261293
-8.27066
-9.19861
-1.6694
7.39465
9.66009
3.04409
-6.37063
-9.92822
-4.35785
5.21911
9.99764
5.58439
-3.96313
-9.86696
-6.69916
2.62782
9.53879
7.67984
-1.23992
-9.01971
-8.50682
-0.1728
8.32009
9.16353
1.58206
-7.45395
-9.63683
-2.95965
6.43861
9.91725
4.27801
-5.29441
-9.99917
-5.51075
4.04424
9.88097
6.63318
-2.71312
-9.56499
-7.62285
1.3277
9.05757
8.45995
0.084293
-8.36887
-9.12773
-1.4946
7.51266
9.61281
2.87499
-6.50608
-9.9055
-4.19784
5.36929
9.99992
5.43667
-4.12503
-9.8942
-6.56668
2.79821
9.59044
7.56527
-1.41538
-9.09473
-8.41243
0.00422021
8.41699
9.09122
1.40702
-7.57078
-9.58804
-2.7901
6.57305
9.89297
4.11734
-5.44375
-9.99988
-5.36217
4.2055
9.90665
6.49967
-2.88307
-9.61514
-7.50709
1.50294
9.13117
8.36424
-0.0927331
-8.46445
-9.05399
-1.31933
7.62831
9.56253
2.705
-6.6395
-9.87966
-4.03652
5.51779
9.99906
5.28725
-4.28564
-9.91833
-6.43215
2.96772
9.63908
7.44832
-1.59039
-9.1669
-8.3154
0.181239
8.51125
9.01606
1.23154
-7.68525
-9.53626
-2.61968
6.70542
9.86559
3.95538
-5.59139
-9.99746
-5.21191
4.36544
9.92923
6.36413
-3.05213
-9.66227
-7.38896
1.67772
9.20191
8.26591
-0.26973
-8.55738
-8.97742
-1.14366
7.74158
9.50924
2.53415
-6.77083
-9.85074
-3.87393
5.66455
9.99507
5.13616
-4.44491
-9.93935
-6.2956
3.1363
9.6847
7.32903
-1.76491
-9.2362
-8.21577
0.358201
8.60285
8.93807
1.05568
-7.7973
-9.48148
-2.44843
6.8357
9.83512
3.79217
-5.73728
-9.9919
-5.06002
4.52402
9.9487
6.22658
-3.22022
-9.70637
-7.26853
1.85196
9.26977
8.16499
-0.446643
-8.64763
-8.89803
-0.967619
7.85242
9.45298
2.36251
-6.90003
-9.81872
-3.71012
5.80955
9.98795
4.98347
-4.60278
-9.95726
-6.15708
3.30389
9.72728
7.20745
-1.93887
-9.30261
-8.11357
0.53505
8.69175
8.85729
0.879483
-7.90692
-9.42373
-2.27641
6.96383
9.80156
3.62778
-5.88136
-9.98321
-4.90654
4.68118
9.96505
6.08709
-3.3873
-9.74743
-7.14581
2.02563
9.33472
8.06151
-0.623415
-8.73517
-8.81585
-0.791279
7.9608
9.39375
2.19014
-7.02708
-9.78363
-3.54516
5.95272
9.97769
4.82922
-4.75921
-9.97205
-6.01663
3.47045
9.76682
7.08361
-2.11223
-9.3661
-8.00882
0.711732
8.77792
8.77373
0.703012
-8.01405
-9.36303
-2.10369
7.08978
9.76494
3.46225
-6.02361
-9.97139
-4.75152
4.83687
9.97827
5.94569
-3.55333
-9.78544
-7.02086
2.19866
9.39674
7.9555
-0.799993
-8.81998
-8.73092
-0.61469
8.06668
9.33158
2.01707
-7.15193
-9.74547
-3.37908
6.09403
9.96431
4.67345
-4.91415
-9.98371
-5.87429
3.63593
9.80329
6.95755
-2.28492
-9.42665
-7.90156
0.888191
8.86134
8.68742
0.526321
-8.11867
-9.2994
-1.9303
7.21351
9.72525
3.29564
-6.16397
-9.95645
-4.59502
4.99105
9.98837
5.80243
-3.71824
-9.82038
-6.8937
2.37101
9.45583
7.847
-0.976319
-8.90202
-8.64324
-0.43791
8.17003
9.26649
1.84337
-7.27453
-9.70426
-3.21194
6.23342
9.94781
4.51622
-5.06756
-9.99225
-5.73011
3.80026
9.83669
6.82931
-2.4569
-9.48426
-7.79183
1.06437
8.94199
8.59839
0.349464
-8.22075
-9.23285
-1.75631
7.33498
9.68252
3.12799
-6.30239
-9.93839
-4.43707
5.14366
9.99534
5.65735
-3.88198
-9.85224
-6.76439
2.54261
9.51194
7.73604
-1.15234
-8.98127
-8.55286
-0.260991
8.27083
9.19849
1.6691
-7.39485
-9.66001
-3.0438
6.37087
9.92819
4.35758
-5.21937
-9.99765
-5.58414
3.9634
9.86701
6.69894
-2.62811
-9.53888
-7.67965
1.24022
9.01984
8.50666
0.172498
-8.32026
-9.16341
-1.58176
7.45415
9.63675
2.95937
-6.43884
-9.91721
-4.27774
5.29466
9.99918
5.51049
-4.04451
-9.88101
-6.63296
2.71341
9.56508
7.62266
-1.328
-9.0577
-8.45979
-0.0839916
8.36903
9.12761
1.4943
-7.51286
-9.61273
-2.8747
6.50631
9.90545
4.19757
-5.36954
-9.99992
-5.43642
4.1253
9.89424
6.56646
-2.7985
-9.59052
-7.56507
1.41568
9.09486
8.41227
-0.00452165
-8.41715
-9.09109
-1.40672
7.57098
9.58796
2.78981
-6.57327
-9.89292
-4.11706
5.444
9.99988
5.36191
-4.20577
-9.90669
-6.49944
2.88336
9.61522
7.50689
-1.50324
-9.1313
-8.36408
0.0930346
8.46461
9.05386
1.31904
-7.62851
-9.56244
-2.70471
6.63972
9.87962
4.03624
-5.51804
-9.99906
-5.28699
4.28591
9.91837
6.43192
-2.968
-9.63916
-7.44812
1.59069
9.16702
8.31524
-0.18154
-8.51141
-9.01593
-1.23124
7.68544
9.53617
2.61939
-6.70565
-9.86554
-3.9551
5.59164
9.99745
5.21165
-4.36572
-9.92926
-6.36389
3.05241
9.66234
7.38876
-1.67801
-9.20203
-8.26574
0.270032
8.55754
8.97729
1.14336
-7.74177
-9.50915
-2.53386
6.77105
9.85069
3.87365
-5.6648
-9.99506
-5.13591
4.44518
9.93938
6.29537
-3.13658
-9.68477
-7.32883
1.76521
9.23632
8.2156
-0.358502
-8.603
-8.93794
-1.05538
7.79749
9.48139
2.44814
-6.83592
-9.83506
-3.79189
5.73752
9.99189
5.05976
-4.52429
-9.94873
-6.22635
3.22051
9.70644
7.26832
-1.85226
-9.26988
-8.16482
0.446944
8.64779
8.89789
0.967319
-7.8526
-9.45288
-2.36222
6.90025
9.81867
3.70984
-5.80979
-9.98793
-4.98321
4.60305
9.95729
6.15684
-3.30418
-9.72735
-7.20724
1.93917
9.30272
8.11339
-0.535351
-8.69189
-8.85715
-0.879183
7.9071
9.42363
2.27612
-6.96405
-9.8015
-3.6275
5.88161
9.98319
4.90628
-4.68145
-9.96507
-6.08685
3.38759
9.7475
7.1456
-2.02593
-9.33483
-8.06133
0.623716
8.73532
8.81571
0.790978
-7.96098
-9.39365
-2.18984
7.0273
9.78357
3.54487
-5.95296
-9.97767
-4.82896
4.75948
9.97207
6.01639
-3.47074
-9.76688
-7.0834
2.11253
9.3662
8.00864
-0.712033
-8.77806
-8.77358
-0.702711
8.01423
9.36293
2.10339
-7.08999
-9.76487
-3.46197
6.02385
9.97137
4.75126
-4.83714
-9.97829
-5.94545
3.55361
9.7855
7.02064
-2.19896
-9.39685
-7.95532
0.800293
8.82012
8.73077
0.614389
-8.06686
-9.33147
-2.01678
7.15214
9.74541
3.37879
-6.09426
-9.96429
-4.67319
4.91442
9.98373
5.87405
-3.63621
-9.80335
-6.95734
2.28522
9.42676
7.90138
-0.888491
-8.86148
-8.68727
-0.52602
8.11885
9.29929
1.93
-7.21372
-9.72518
-3.29535
6.1642
9.95642
4.59475
-4.99131
-9.98839
-5.80218
3.71852
9.82043
6.89349
-2.3713
-9.45592
-7.84681
0.976619
8.90215
8.64309
0.437608
-8.17021
-9.26637
-1.84308
7.27474
9.70419
3.21166
-6.23366
-9.94778
-4.51596
5.06781
9.99226
5.72987
-3.80054
-9.83675
-6.82909
2.4572
9.48435
7.79164
-1.06467
-8.94213
-8.59823
-0.349163
8.22093
9.23273
1.75601
-7.33518
-9.68244
-3.12771
6.30263
9.93835
4.4368
-5.14392
-9.99535
-5.6571
3.88226
9.85229
6.76417
-2.5429
-9.51204
-7.73585
1.15264
8.9814
8.5527
0.26069
-8.271
-9.19837
-1.6688
7.39505
9.65993
3.04351
-6.3711
-9.92815
-4.35731
5.21962
9.99766
5.58389
-3.96368
-9.86706
-6.69871
2.6284
9.53898
7.67946
-1.24052
-9.01997
-8.5065
-0.172197
8.32042
9.16329
1.58146
-7.45435
-9.63667
-2.95908
6.43907
9.91717
4.27747
-5.29492
-9.99918
-5.51024
4.04479
9.88106
6.63273
-2.7137
-9.56517
-7.62246
1.3283
9.05783
8.45963
0.0836902
-8.3692
-9.12748
-1.494
7.51306
9.61265
2.87441
-6.50654
-9.90541
-4.19729
5.3698
9.99992
5.43616
-4.12558
-9.89428
-6.56623
2.79879
9.59061
7.56487
-1.41597
-9.09498
-8.4121
0.0048231
8.41731
9.09097
1.40643
-7.57118
-9.58787
-2.78952
6.5735
9.89288
4.11679
-5.44426
-9.99988
-5.36166
4.20605
9.90673
6.49921
-2.88365
-9.6153
-7.50669
1.50354
9.13142
8.36391
-0.093336
-8.46477
-9.05374
-1.31874
7.6287
9.56235
2.70441
-6.63995
-9.87957
-4.03596
5.51829
9.99905
5.28673
-4.28618
-9.9184
-6.43169
2.96829
9.63924
7.44791
-1.59099
-9.16714
-8.31507
0.181842
8.51157
9.0158
1.23094
-7.68563
-9.53608
-2.61909
6.70587
9.86549
3.95482
-5.59189
-9.99744
-5.21139
4.36599
9.9293
6.36366
-3.0527
-9.66242
-7.38856
1.67831
9.20215
8.26557
-0.270333
-8.5577
-8.97715
-1.14306
7.74196
9.50905
2.53357
-6.77127
-9.85063
-3.87337
5.66505
9.99505
5.13565
-4.44545
-9.93942
-6.29513
3.13687
9.68485
7.32862
-1.7655
-9.23643
-8.21543
0.358803
8.60315
8.9378
1.05508
-7.79768
-9.48129
-2.44784
6.83614
9.83501
3.79161
-5.73777
-9.99188
-5.0595
4.52456
9.94876
6.22611
-3.22079
-9.70651
-7.26811
1.85256
9.27
8.16464
-0.447245
-8.64794
-8.89776
-0.967019
7.85279
9.45278
2.36193
-6.90047
-9.81861
-3.70956
5.81004
9.98792
4.98295
-4.60332
-9.95732
-6.1566
3.30446
9.72742
7.20703
-1.93947
-9.30283
-8.11322
0.535652
8.69204
8.85701
0.878883
-7.90729
-9.42353
-2.27583
6.96426
9.80144
3.62722
-5.88185
-9.98318
-4.90601
4.68171
9.9651
6.08661
-3.38787
-9.74756
-7.14539
2.02622
9.33494
8.06115
-0.624017
-8.73547
-8.81557
-0.790678
7.96116
9.39354
2.18955
-7.02751
-9.78351
-3.54459
5.9532
9.97765
4.82869
-4.75974
-9.97209
-6.01615
3.47102
9.76695
7.08319
-2.11282
-9.36631
-8.00846
0.712333
8.77821
8.77344
0.702411
-8.01441
-9.36282
-2.1031
7.09021
9.76481
3.46169
-6.02409
-9.97135
-4.75099
4.8374
9.97831
5.94521
-3.55389
-9.78556
-7.02043
2.19925
9.39695
7.95514
-0.800594
-8.82026
-8.73062
-0.614089
8.06704
9.33136
2.01648
-7.15235
-9.74534
-3.37851
6.0945
9.96426
4.67292
-4.91468
-9.98375
-5.8738
3.63649
9.80341
6.95712
-2.28551
-9.42686
-7.90119
0.888791
8.86162
8.68712
0.525718
-8.11903
-9.29918
-1.92971
7.21393
9.72511
3.29507
-6.16444
-9.95639
-4.59448
4.99157
9.9884
5.80194
-3.7188
-9.82049
-6.89327
2.37159
9.45602
7.84663
-0.976919
-8.90229
-8.64294
-0.437307
8.17038
9.26626
1.84278
-7.27494
-9.70412
-3.21137
6.23389
9.94775
4.51569
-5.06807
-9.99227
-5.72962
3.80082
9.8368
6.82887
-2.45749
-9.48445
-7.79145
1.06497
8.94226
8.59808
0.348862
-8.2211
-9.23262
-1.75571
7.33539
9.68236
3.12742
-6.30286
-9.93832
-4.43653
5.14418
9.99536
5.65685
-3.88254
-9.85234
-6.76395
2.54319
9.51213
7.73566
-1.15294
-8.98153
-8.55255
-0.260389
8.27117
9.19825
1.6685
-7.39526
-9.65985
-3.04323
6.37133
9.92811
4.35704
-5.21988
-9.99766
-5.58364
3.96396
9.86711
6.69849
-2.62869
-9.53907
-7.67927
1.24082
9.0201
8.50634
0.171895
-8.32059
-9.16316
-1.58117
7.45455
9.63659
2.95879
-6.4393
-9.91713
-4.2772
5.29517
9.99919
5.50999
-4.04506
-9.88111
-6.6325
2.71399
9.56526
7.62227
-1.3286
-9.05796
-8.45947
-0.0833887
8.36936
9.12736
1.49371
-7.51326
-9.61256
-2.87413
6.50677
9.90537
4.19702
-5.37005
-9.99992
-5.43591
4.12585
9.89433
6.566
-2.79908
-9.5907
-7.56467
1.41627
9.09511
8.41194
-0.00512454
-8.41748
-9.09084
-1.40613
7.57137
9.58779
2.78923
-6.57373
-9.89284
-4.11652
5.44451
9.99988
5.3614
-4.20632
-9.90677
-6.49898
2.88394
9.61538
7.50649
-1.50384
-9.13154
-8.36375
0.0936374
8.46493
9.05361
1.31844
-7.6289
-9.56226
-2.70412
6.64017
9.87952
4.03569
-5.51854
-9.99905
-5.28648
4.28646
9.91844
6.43146
-2.96858
-9.63932
-7.44771
1.59129
9.16726
8.3149
-0.182143
-8.51173
-9.01567
-1.23065
7.68583
9.53598
2.6188
-6.70609
-9.86544
-3.95455
5.59214
9.99744
5.21114
-4.36626
-9.92934
-6.36343
3.05299
9.6625
7.38835
-1.67861
-9.20227
-8.2654
0.270634
8.55785
8.97702
1.14276
-7.74215
-9.50896
-2.53328
6.77149
9.85058
3.87309
-5.6653
-9.99504
-5.13539
4.44572
9.93945
6.2949
-3.13715
-9.68492
-7.32842
1.7658
9.23655
8.21526
-0.359104
-8.60331
-8.93767
-1.05478
7.79787
9.48119
2.44755
-6.83636
-9.83495
-3.79134
5.73802
9.99186
5.05924
-4.52483
-9.94879
-6.22588
3.22108
9.70659
7.26791
-1.85285
-9.27011
-8.16447
0.447546
8.64809
8.89762
0.966719
-7.85298
-9.45268
-2.36163
6.90069
9.81855
3.70928
-5.81028
-9.9879
-4.98269
4.60358
9.95734
6.15637
-3.30475
-9.72749
-7.20683
1.93976
9.30294
8.11304
-0.535953
-8.69219
-8.85687
-0.878582
7.90747
9.42343
2.27553
-6.96448
-9.80138
-3.62694
5.8821
9.98316
4.90575
-4.68198
-9.96512
-6.08637
3.38816
9.74763
7.14518
-2.02652
-9.33504
-8.06097
0.624318
8.73562
8.81543
0.790377
-7.96134
-9.39344
-2.18925
7.02772
9.78344
3.54431
-5.95345
-9.97763
-4.82843
4.76001
9.97212
6.01591
-3.4713
-9.76701
-7.08297
2.11311
9.36642
8.00828
-0.712634
-8.77835
-8.7733
-0.70211
8.01459
9.36272
2.1028
-7.09042
-9.76474
-3.4614
6.02433
9.97132
4.75073
-4.83767
-9.97833
-5.94497
3.55417
9.78562
7.02021
-2.19955
-9.39705
-7.95495
0.800894
8.8204
8.73048
0.613788
-8.06721
-9.33126
-2.01618
7.15256
9.74527
3.37823
-6.09474
-9.96423
-4.67266
4.91494
9.98376
5.87356
-3.63677
-9.80347
-6.9569
2.28581
9.42696
7.90101
-0.889091
-8.86176
-8.68697
-0.525417
8.1192
9.29907
1.92941
-7.21414
-9.72504
-3.29479
6.16468
9.95637
4.59422
-4.99183
-9.98841
-5.80169
3.71908
9.82055
6.89305
-2.37189
-9.45612
-7.84644
0.977219
8.90243
8.64279
0.437006
-8.17056
-9.26615
-1.84248
7.27515
9.70404
3.21109
-6.23413
-9.94772
-4.51542
5.06833
9.99228
5.72937
-3.8011
-9.83686
-6.82865
2.45778
9.48454
7.79126
-1.06527
-8.9424
-8.59792
-0.34856
8.22127
9.2325
1.75541
-7.33559
-9.68229
-3.12713
6.30309
9.93829
4.43626
-5.14444
-9.99537
-5.6566
3.88282
9.85239
6.76372
-2.54348
-9.51222
-7.73547
1.15324
8.98166
8.55239
0.260087
-8.27134
-9.19813
-1.66821
7.39546
9.65978
3.04294
-6.37156
-9.92808
-4.35676
5.22014
9.99767
5.58339
-3.96423
-9.86716
-6.69826
2.62898
9.53916
7.67907
-1.24112
-9.02023
-8.50618
-0.171594
8.32076
9.16304
1.58087
-7.45475
-9.63651
-2.9585
6.43953
9.91709
4.27692
-5.29543
-9.99919
-5.50974
4.04534
9.88115
6.63228
-2.71428
-9.56534
-7.62207
1.3289
9.05808
8.45931
0.0830873
-8.36953
-9.12724
-1.49341
7.51345
9.61248
2.87384
-6.507
-9.90533
-4.19675
5.37031
9.99992
5.43566
-4.12613
-9.89437
-6.56577
2.79936
9.59078
7.56448
-1.41657
-9.09523
-8.41178
0.00542598
8.41764
9.09071
1.40583
-7.57157
-9.5877
-2.78894
6.57396
9.89279
4.11624
-5.44476
-9.99988
-5.36115
4.20659
9.90681
6.49876
-2.88423
-9.61547
-7.50629
1.50414
9.13167
8.36358
-0.0939389
-8.46509
-9.05348
-1.31814
7.62909
9.56217
2.70383
-6.6404
-9.87948
-4.03541
5.51879
9.99905
5.28622
-4.28673
-9.91848
-6.43123
2.96887
9.6394
7.44751
-1.59158
-9.16738
-8.31473
0.182444
8.51188
9.01554
1.23035
-7.68602
-9.53589
-2.61851
6.70632
9.86539
3.95427
-5.59239
-9.99743
-5.21088
4.36653
9.92937
6.3632
-3.05327
-9.66258
-7.38815
1.67891
9.20239
8.26523
-0.270936
-8.55801
-8.97689
-1.14246
7.74234
9.50887
2.53298
-6.77171
-9.85053
-3.87281
5.66555
9.99503
5.13513
-4.44599
-9.93948
-6.29466
3.13744
9.685
7.32821
-1.7661
-9.23667
-8.21509
0.359406
8.60346
8.93753
1.05448
-7.79806
-9.4811
-2.44726
6.83658
9.8349
3.79106
-5.73826
-9.99185
-5.05898
4.5251
9.94882
6.22564
-3.22136
-9.70666
-7.2677
1.85315
9.27022
8.16429
-0.447847
-8.64824
-8.89748
-0.966419
7.85316
9.45258
2.36134
-6.90091
-9.81849
-3.709
5.81053
9.98789
4.98243
-4.60385
-9.95737
-6.15613
3.30503
9.72756
7.20662
-1.94006
-9.30305
-8.11286
0.536254
8.69234
8.85673
0.878282
-7.90765
-9.42333
-2.27524
6.9647
9.80132
3.62666
-5.88234
-9.98314
-4.90549
4.68225
9.96515
6.08614
-3.38844
-9.7477
-7.14497
2.02681
9.33515
8.0608
-0.624619
-8.73576
-8.81529
-0.790077
7.96153
9.39334
2.18896
-7.02794
-9.78338
-3.54403
5.95369
9.97761
4.82816
-4.76027
-9.97214
-6.01567
3.47158
9.76707
7.08276
-2.11341
-9.36652
-8.0081
0.712935
8.7785
8.77315
0.701809
-8.01477
-9.36261
-2.10251
7.09063
9.76468
3.46112
-6.02457
-9.9713
-4.75046
4.83793
9.97835
5.94472
-3.55446
-9.78568
-7.02
2.19984
9.39716
7.95477
-0.801195
-8.82055
-8.73033
-0.613487
8.06739
9.33115
2.01589
-7.15277
-9.7452
-3.37794
6.09498
9.96421
4.67239
-4.9152
-9.98378
-5.87332
3.63705
9.80353
6.95669
-2.2861
-9.42706
-7.90082
0.889392
8.8619
8.68682
0.525116
-8.11938
-9.29895
-1.92911
7.21434
9.72497
3.2945
-6.16492
-9.95634
-4.59395
4.9921
9.98843
5.80145
-3.71936
-9.8206
-6.89283
2.37218
9.45622
7.84625
-0.977519
-8.90257
-8.64263
-0.436705
8.17073
9.26603
1.84219
-7.27536
-9.70397
-3.2108
6.23437
9.94768
4.51515
-5.06859
-9.99229
-5.72913
3.80138
9.83691
6.82843
-2.45807
-9.48464
-7.79107
1.06557
8.94253
8.59777
0.348259
-8.22144
-9.23239
-1.75512
7.3358
9.68221
3.12685
-6.30333
-9.93825
-4.43599
5.1447
9.99538
5.65635
-3.88309
-9.85244
-6.7635
2.54377
9.51231
7.73528
-1.15354
-8.9818
-8.55223
-0.259786
8.27151
9.19801
1.66791
-7.39566
-9.6597
-3.04265
6.3718
9.92804
4.35649
-5.2204
-9.99768
-5.58314
3.96451
9.86721
6.69804
-2.62927
-9.53925
-7.67888
1.24141
9.02036
8.50603
0.171293
-8.32093
-9.16292
-1.58057
7.45495
9.63643
2.95822
-6.43976
-9.91705
-4.27665
5.29569
9.99919
5.50949
-4.04561
-9.8812
-6.63205
2.71457
9.56543
7.62188
-1.32919
-9.05821
-8.45915
-0.0827859
8.36969
9.12711
1.49311
-7.51365
-9.6124
-2.87355
6.50723
9.90529
4.19647
-5.37056
-9.99993
-5.4354
4.1264
9.89441
6.56555
-2.79965
-9.59087
-7.56428
1.41687
9.09536
8.41161
-0.00572743
-8.4178
-9.09059
-1.40553
7.57177
9.58762
2.78866
-6.57418
-9.89275
-4.11597
5.44502
9.99988
5.3609
-4.20687
-9.90686
-6.49853
2.88452
9.61555
7.50609
-1.50443
-9.13179
-8.36342
0.0942403
8.46525
9.05335
1.31784
-7.62929
-9.56208
-2.70354
6.64062
9.87943
4.03514
-5.51904
-9.99904
-5.28597
4.287
9.91852
6.431
-2.96916
-9.63948
-7.44731
1.59188
9.1675
8.31457
-0.182746
-8.51204
-9.01541
-1.23005
7.68621
9.5358
2.61822
-6.70654
-9.86534
-3.95399
5.59264
9.99742
5.21062
-4.3668
-9.92941
-6.36296
3.05356
9.66265
7.38795
-1.6792
-9.2025
-8.26506
0.271237
8.55816
8.97675
1.14216
-7.74253
-9.50878
-2.53269
6.77193
9.85048
3.87254
-5.6658
-9.99502
-5.13487
4.44626
9.93952
6.29443
-3.13773
-9.68507
-7.32801
1.76639
9.23678
8.21491
-0.359707
-8.60361
-8.9374
-1.05418
7.79825
9.481
2.44697
-6.8368
-9.83484
-3.79078
5.73851
9.99184
5.05872
-4.52537
-9.94885
-6.22541
3.22165
9.70673
7.26749
-1.85345
-9.27033
-8.16412
0.448149
8.64839
8.89734
0.966119
-7.85335
-9.45249
-2.36105
6.90113
9.81844
3.70872
-5.81077
-9.98787
-4.98217
4.60412
9.9574
6.15589
-3.30531
-9.72763
-7.20641
1.94035
9.30316
8.11269
-0.536555
-8.69249
-8.85659
-0.877982
7.90784
9.42323
2.27495
-6.96491
-9.80126
-3.62638
5.88258
9.98312
4.90523
-4.68251
-9.96517
-6.0859
3.38872
9.74777
7.14476
-2.02711
-9.33526
-8.06062
0.62492
8.73591
8.81514
0.789776
-7.96171
-9.39323
-2.18866
7.02815
9.78332
3.54375
-5.95393
-9.97759
-4.8279
4.76054
9.97216
6.01542
-3.47187
-9.76714
-7.08255
2.1137
9.36663
8.00792
-0.713235
-8.77864
-8.77301
-0.701508
8.01495
9.3625
2.10221
-7.09084
-9.76461
-3.46084
6.02481
9.97128
4.7502
-4.83819
-9.97837
-5.94448
3.55474
9.78575
7.01979
-2.20013
-9.39726
-7.95459
0.801495
8.82069
8.73018
0.613186
-8.06757
-9.33104
-2.01559
7.15298
9.74514
3.37766
-6.09522
-9.96418
-4.67212
4.91547
9.9838
5.87307
-3.63733
-9.80359
-6.95647
2.28639
9.42716
7.90064
-0.889692
-8.86204
-8.68667
-0.524815
8.11955
9.29884
1.92882
-7.21455
-9.7249
-3.29422
6.16515
9.95631
4.59368
-4.99236
-9.98844
-5.8012
3.71964
9.82066
6.89261
-2.37247
-9.45632
-7.84607
0.977819
8.9027
8.64248
0.436404
-8.1709
-9.26592
-1.84189
7.27556
9.7039
3.21051
-6.2346
-9.94765
-4.51488
5.06885
9.99231
5.72888
-3.80165
-9.83696
-6.82821
2.45836
9.48473
7.79088
-1.06587
-8.94267
-8.59762
-0.347958
8.22161
9.23227
1.75482
-7.336
-9.68214
-3.12656
6.30356
9.93822
4.43572
-5.14496
-9.99539
-5.65611
3.88337
9.8525
6.76328
-2.54406
-9.51241
-7.73509
1.15384
8.98193
8.55208
0.259485
-8.27168
-9.1979
-1.66761
7.39587
9.65962
3.04236
-6.37203
-9.92801
-4.35622
5.22065
9.99768
5.58289
-3.96479
-9.86726
-6.69782
2.62957
9.53934
7.67869
-1.24171
-9.02049
-8.50587
-0.170991
8.32109
9.1628
1.58027
-7.45515
-9.63634
-2.95793
6.43999
9.91702
4.27638
-5.29594
-9.9992
-5.50924
4.04589
9.88124
6.63183
-2.71486
-9.56552
-7.62168
1.32949
9.05834
8.45899
0.0824844
-8.36986
-9.12699
-1.49281
7.51385
9.61231
2.87326
-6.50746
-9.90525
-4.1962
5.37082
9.99993
5.43515
-4.12668
-9.89446
-6.56532
2.79994
9.59095
7.56408
-1.41717
-9.09548
-8.41145
0.00602887
8.41797
9.09046
1.40523
-7.57196
-9.58753
-2.78837
6.57441
9.8927
4.11569
-5.44527
-9.99987
-5.36064
4.20714
9.9069
6.4983
-2.88481
-9.61563
-7.50589
1.50473
9.13191
8.36325
-0.0945417
-8.46541
-9.05322
-1.31754
7.62948
9.562
2.70325
-6.64085
-9.87938
-4.03486
5.5193
9.99904
5.28571
-4.28727
-9.91856
-6.43077
2.96944
9.63956
7.44711
-1.59218
-9.16763
-8.3144
0.183047
8.5122
9.01528
1.22975
-7.6864
-9.53571
-2.61793
6.70676
9.86529
3.95371
-5.59289
-9.99742
-5.21037
4.36707
9.92944
6.36273
-3.05385
-9.66273
-7.38775
1.6795
9.20262
8.26489
-0.271538
-8.55832
-8.97662
-1.14186
7.74272
9.50868
2.5324
-6.77216
-9.85043
-3.87226
5.66605
9.99501
5.13461
-4.44653
-9.93955
-6.2942
3.13801
9.68515
7.3278
-1.76669
-9.2369
-8.21474
0.360008
8.60377
8.93726
1.05388
-7.79844
-9.48091
-2.44667
6.83702
9.83479
3.7905
-5.73876
-9.99183
-5.05846
4.52563
9.94888
6.22517
-3.22193
-9.7068
-7.26728
1.85374
9.27045
8.16395
-0.44845
-8.64854
-8.89721
-0.965819
7.85354
9.45239
2.36076
-6.90134
-9.81838
-3.70844
5.81102
9.98786
4.98191
-4.60439
-9.95743
-6.15565
3.3056
9.7277
7.2062
-1.94065
-9.30327
-8.11251
0.536856
8.69264
8.85645
0.877681
-7.90802
-9.42313
-2.27465
6.96513
9.8012
3.6261
-5.88283
-9.98311
-4.90496
4.68278
9.9652
6.08566
-3.38901
-9.74783
-7.14455
2.0274
9.33537
8.06044
-0.625221
-8.73606
-8.815
-0.789476
7.96189
9.39313
2.18837
-7.02837
-9.78326
-3.54346
5.95417
9.97757
4.82764
-4.7608
-9.97218
-6.01518
3.47215
9.7672
7.08234
-2.114
-9.36673
-8.00774
0.713536
8.77879
8.77286
0.701208
-8.01513
-9.3624
-2.10192
7.09106
9.76455
3.46056
-6.02505
-9.97126
-4.74993
4.83846
9.97839
5.94424
-3.55502
-9.78581
-7.01957
2.20043
9.39736
7.95441
-0.801796
-8.82083
-8.73003
-0.612885
8.06775
9.33093
2.0153
-7.15319
-9.74507
-3.37738
6.09546
9.96416
4.67186
-4.91573
-9.98382
-5.87283
3.63761
9.80365
6.95625
-2.28669
-9.42726
-7.90045
0.889992
8.86218
8.68652
0.524514
-8.11973
-9.29873
-1.92852
7.21476
9.72483
3.29393
-6.16539
-9.95628
-4.59341
4.99262
9.98846
5.80096
-3.71992
-9.82072
-6.89239
2.37276
9.45641
7.84588
-0.978119
-8.90284
-8.64233
-0.436103
8.17108
9.26581
1.8416
-7.27577
-9.70383
-3.21023
6.23484
9.94762
4.51461
-5.06911
-9.99232
-5.72863
3.80193
9.83702
6.82799
-2.45866
-9.48483
-7.79069
1.06617
8.9428
8.59746
0.347657
-8.22178
-9.23215
-1.75452
7.33621
9.68206
3.12628
-6.3038
-9.93819
-4.43545
5.14521
9.9954
5.65586
-3.88365
-9.85255
-6.76306
2.54436
9.5125
7.7349
-1.15414
-8.98206
-8.55192
-0.259183
8.27185
9.19778
1.66732
-7.39607
-9.65954
-3.04208
6.37226
9.92797
4.35595
-5.22091
-9.99769
-5.58264
3.96506
9.86731
6.69759
-2.62986
-9.53943
-7.67849
1.24201
9.02062
8.50571
0.17069
-8.32126
-9.16268
-1.57998
7.45535
9.63626
2.95764
-6.44023
-9.91698
-4.27611
5.2962
9.9992
5.50898
-4.04617
-9.88129
-6.6316
2.71515
9.56561
7.62149
-1.32979
-9.05847
-8.45883
-0.082183
8.37002
9.12687
1.49251
-7.51405
-9.61223
-2.87297
6.50769
9.90521
4.19593
-5.37107
-9.99993
-5.4349
4.12695
9.8945
6.56509
-2.80023
-9.59104
-7.56389
1.41747
9.09561
8.41129
-0.00633031
-8.41813
-9.09034
-1.40493
7.57216
9.58745
2.78808
-6.57464
-9.89266
-4.11542
5.44552
9.99987
5.36039
-4.20741
-9.90694
-6.49807
2.88509
9.61571
7.50569
-1.50503
-9.13203
-8.36309
0.0948431
8.46558
9.0531
1.31724
-7.62968
-9.56191
-2.70296
6.64107
9.87934
4.03459
-5.51955
-9.99903
-5.28545
4.28755
9.9186
6.43053
-2.96973
-9.63964
-7.44691
1.59248
9.16775
8.31423
-0.183349
-8.51236
-9.01515
-1.22945
7.6866
9.53562
2.61764
-6.70699
-9.86524
-3.95344
5.59314
9.99741
5.21011
-4.36734
-9.92948
-6.3625
3.05413
9.66281
7.38754
-1.6798
-9.20274
-8.26472
0.27184
8.55848
8.97649
1.14156
-7.74291
-9.50859
-2.53211
6.77238
9.85037
3.87198
-5.66629
-9.995
-5.13435
4.4468
9.93958
6.29396
-3.1383
-9.68522
-7.3276
1.76699
9.23701
8.21457
-0.360309
-8.60392
-8.93713
-1.05358
7.79862
9.48081
2.44638
-6.83724
-9.83473
-3.79022
5.739
9.99181
5.0582
-4.5259
-9.94891
-6.22493
3.22222
9.70688
7.26708
-1.85404
-9.27056
-8.16377
0.448751
8.64869
8.89707
0.965519
-7.85372
-9.45229
-2.36046
6.90156
9.81832
3.70816
-5.81126
-9.98784
-4.98164
4.60466
9.95746
6.15542
-3.30588
-9.72777
-7.20599
1.94094
9.30338
8.11233
-0.537157
-8.69279
-8.85631
-0.877381
7.90821
9.42303
2.27436
-6.96534
-9.80114
-3.62581
5.88307
9.98309
4.9047
-4.68305
-9.96522
-6.08542
3.38929
9.7479
7.14434
-2.0277
-9.33548
-8.06026
0.625521
8.7362
8.81486
0.789175
-7.96207
-9.39303
-2.18808
7.02858
9.78319
3.54318
-5.95441
-9.97755
-4.82737
4.76107
9.97221
6.01494
-3.47243
-9.76727
-7.08212
2.11429
9.36684
8.00756
-0.713837
-8.77893
-8.77272
-0.700907
8.01531
9.36229
2.10162
-7.09127
-9.76448
-3.46027
6.02529
9.97123
4.74967
-4.83872
-9.97841
-5.944
3.5553
9.78587
7.01936
-2.20072
-9.39747
-7.95422
0.802096
8.82097
8.72989
0.612584
-8.06793
-9.33082
-2.015
7.1534
9.745
3.37709
-6.0957
-9.96413
-4.67159
4.91599
9.98383
5.87258
-3.63789
-9.80371
-6.95604
2.28698
9.42736
7.90027
-0.890292
-8.86232
-8.68637
-0.524213
8.11991
9.29862
1.92823
-7.21497
-9.72476
-3.29365
6.16563
9.95625
4.59315
-4.99288
-9.98847
-5.80071
3.7202
9.82077
6.89218
-2.37306
-9.45651
-7.84569
0.978419
8.90298
8.64218
0.435801
-8.17125
-9.26569
-1.8413
7.27598
9.70375
3.20994
-6.23507
-9.94759
-4.51434
5.06937
9.99233
5.72838
-3.80221
-9.83707
-6.82777
2.45895
9.48492
7.7905
-1.06647
-8.94294
-8.59731
-0.347355
8.22196
9.23204
1.75423
-7.33641
-9.68199
-3.12599
6.30403
9.93815
4.43518
-5.14547
-9.9954
-5.65561
3.88393
9.8526
6.76284
-2.54465
-9.51259
-7.73471
1.15444
8.98219
8.55176
0.258882
-8.27202
-9.19766
-1.66702
7.39627
9.65946
3.04179
-6.37249
-9.92793
-4.35568
5.22117
9.9977
5.58239
-3.96534
-9.86735
-6.69737
2.63015
9.53952
7.6783
-1.24231
-9.02075
-8.50555
-0.170388
8.32143
9.16256
1.57968
-7.45555
-9.63618
-2.95735
6.44046
9.91694
4.27583
-5.29645
-9.9992
-5.50873
4.04644
9.88134
6.63138
-2.71544
-9.56569
-7.62129
1.33009
9.05859
8.45867
0.0818816
-8.37019
-9.12674
-1.49221
7.51425
9.61215
2.87268
-6.50792
-9.90516
-4.19565
5.37132
9.99993
5.43465
-4.12723
-9.89455
-6.56486
2.80052
9.59112
7.56369
-1.41777
-9.09573
-8.41112
0.00663176
8.41829
9.09021
1.40463
-7.57236
-9.58736
-2.78779
6.57486
9.89262
4.11514
-5.44577
-9.99987
-5.36013
4.20769
9.90698
6.49784
-2.88538
-9.6158
-7.50549
1.50533
9.13216
8.36292
-0.0951446
-8.46574
-9.05297
-1.31694
7.62987
9.56182
2.70267
-6.6413
-9.87929
-4.03431
5.5198
9.99903
5.2852
-4.28782
-9.91863
-6.4303
2.97002
9.63972
7.44671
-1.59277
-9.16787
-8.31406
0.18365
8.51252
9.01502
1.22915
-7.68679
-9.53553
-2.61735
6.70721
9.86519
3.95316
-5.59339
-9.9974
-5.20985
4.36761
9.92951
6.36227
-3.05442
-9.66289
-7.38734
1.68009
9.20286
8.26455
-0.272141
-8.55863
-8.97636
-1.14126
7.74311
9.5085
2.53182
-6.7726
-9.85032
-3.8717
5.66654
9.99499
5.13409
-4.44707
-9.93962
-6.29373
3.13859
9.6853
7.32739
-1.76728
-9.23713
-8.2144
0.360611
8.60408
8.93699
1.05328
-7.79881
-9.48071
-2.44609
6.83746
9.83468
3.78994
-5.73925
-9.9918
-5.05794
4.52617
9.94894
6.2247
-3.2225
-9.70695
-7.26687
1.85433
9.27067
8.1636
-0.449052
-8.64885
-8.89693
-0.965218
7.85391
9.45219
2.36017
-6.90178
-9.81827
-3.70788
5.81151
9.98783
4.98138
-4.60492
-9.95748
-6.15518
3.30617
9.72784
7.20578
-1.94124
-9.30349
-8.11216
0.537458
8.69294
8.85617
0.877081
-7.90839
-9.42293
-2.27407
6.96556
9.80108
3.62553
-5.88331
-9.98307
-4.90444
4.68331
9.96525
6.08518
-3.38957
-9.74797
-7.14413
2.02799
9.33558
8.06008
-0.625822
-8.73635
-8.81472
-0.788875
7.96225
9.39292
2.18778
-7.0288
-9.78313
-3.5429
5.95466
9.97753
4.82711
-4.76133
-9.97223
-6.0147
3.47271
9.76733
7.08191
-2.11459
-9.36694
-8.00738
0.714137
8.77908
8.77257
0.700606
-8.01549
-9.36219
-2.10133
7.09148
9.76441
3.45999
-6.02553
-9.97121
-4.7494
4.83898
9.97843
5.94375
-3.55558
-9.78593
-7.01914
2.20102
9.39757
7.95404
-0.802396
-8.82111
-8.72974
-0.612283
8.0681
9.33071
2.01471
-7.15361
-9.74493
-3.37681
6.09594
9.96411
4.67132
-4.91625
-9.98385
-5.87234
3.63817
9.80377
6.95582
-2.28727
-9.42746
-7.90008
0.890593
8.86246
8.68622
0.523912
-8.12008
-9.29851
-1.92793
7.21518
9.72469
3.29336
-6.16586
-9.95622
-4.59288
4.99314
9.98849
5.80047
-3.72048
-9.82083
-6.89196
2.37335
9.45661
7.84551
-0.978719
-8.90312
-8.64203
-0.4355
8.17142
9.26558
1.841
-7.27618
-9.70368
-3.20966
6.23531
9.94756
4.51407
-5.06963
-9.99234
-5.72814
3.80249
9.83713
6.82755
-2.45924
-9.48502
-7.79032
1.06677
8.94307
8.59715
0.347054
-8.22213
-9.23192
-1.75393
7.33662
9.68191
3.1257
-6.30426
-9.93812
-4.43491
5.14573
9.99541
5.65536
-3.88421
-9.85265
-6.76261
2.54494
9.51269
7.73451
-1.15474
-8.98233
-8.55161
-0.258581
8.27218
9.19754
1.66672
-7.39647
-9.65939
-3.0415
6.37272
9.9279
4.35541
-5.22142
-9.9977
-5.58214
3.96562
9.8674
6.69714
-2.63044
-9.53961
-7.67811
1.24261
9.02088
8.50539
0.170087
-8.32159
-9.16244
-1.57938
7.45575
9.6361
2.95706
-6.44069
-9.9169
-4.27556
5.29671
9.99921
5.50848
-4.04672
-9.88138
-6.63115
2.71573
9.56578
7.6211
-1.33039
-9.05872
-8.45851
-0.0815801
8.37035
9.12662
1.49192
-7.51445
-9.61206
-2.87239
6.50814
9.90512
4.19538
-5.37158
-9.99993
-5.43439
4.1275
9.89459
6.56464
-2.80081
-9.59121
-7.56349
1.41806
9.09586
8.41096
-0.0069332
-8.41845
-9.09009
-1.40434
7.57255
9.58727
2.7875
-6.57509
-9.89257
-4.11487
5.44603
9.99987
5.35988
-4.20796
-9.90702
-6.49761
2.88567
9.61588
7.50529
-1.50563
-9.13228
-8.36276
0.095446
8.4659
9.05284
1.31664
-7.63007
-9.56173
-2.70238
6.64152
9.87924
4.03403
-5.52005
-9.99902
-5.28494
4.28809
9.91867
6.43007
-2.97031
-9.6398
-7.44651
1.59307
9.16799
8.3139
-0.183951
-8.51268
-9.01488
-1.22885
7.68698
9.53544
2.61706
-6.70744
-9.86514
-3.95288
5.59364
9.9974
5.20959
-4.36789
-9.92955
-6.36203
3.05471
9.66296
7.38714
-1.68039
-9.20297
-8.26439
0.272442
8.55879
8.97622
1.14096
-7.7433
-9.5084
-2.53153
6.77282
9.85027
3.87142
-5.66679
-9.99498
-5.13384
4.44734
9.93965
6.29349
-3.13887
-9.68537
-7.32719
1.76758
9.23724
8.21423
-0.360912
-8.60423
-8.93686
-1.05298
7.799
9.48062
2.4458
-6.83768
-9.83462
-3.78966
5.7395
9.99179
5.05768
-4.52644
-9.94897
-6.22446
3.22279
9.70702
7.26666
-1.85463
-9.27079
-8.16342
0.449353
8.649
8.89679
0.964918
-7.8541
-9.45209
-2.35988
6.902
9.81821
3.7076
-5.81176
-9.98781
-4.98112
4.60519
9.95751
6.15494
-3.30645
-9.72791
-7.20557
1.94154
9.3036
8.11198
-0.537759
-8.69309
-8.85603
-0.876781
7.90858
9.42283
2.27377
-6.96578
-9.80102
-3.62525
5.88356
9.98305
4.90417
-4.68358
-9.96527
-6.08494
3.38986
9.74804
7.14391
-2.02829
-9.33569
-8.0599
0.626123
8.7365
8.81457
0.788574
-7.96244
-9.39282
-2.18749
7.02901
9.78307
3.54262
-5.9549
-9.97751
-4.82684
4.7616
9.97225
6.01446
-3.473
-9.7674
-7.0817
2.11488
9.36705
8.00719
-0.714438
-8.77922
-8.77243
-0.700306
8.01567
9.36208
2.10103
-7.09169
-9.76435
-3.45971
6.02577
9.97119
4.74914
-4.83925
-9.97845
-5.94351
3.55586
9.78599
7.01893
-2.20131
-9.39767
-7.95386
0.802697
8.82126
8.72959
0.611982
-8.06828
-9.33061
-2.01441
7.15382
9.74487
3.37653
-6.09618
-9.96408
-4.67106
4.91652
9.98387
5.8721
-3.63845
-9.80383
-6.95561
2.28757
9.42756
7.8999
-0.890893
-8.8626
-8.68608
-0.523611
8.12026
9.2984
1.92764
-7.21539
-9.72462
-3.29308
6.1661
9.9562
4.59261
-4.9934
-9.9885
-5.80022
3.72076
9.82089
6.89174
-2.37364
-9.45671
-7.84532
0.979019
8.90325
8.64188
0.435199
-8.1716
-9.26547
-1.84071
7.27639
9.70361
3.20937
-6.23554
-9.94753
-4.5138
5.06989
9.99235
5.72789
-3.80277
-9.83718
-6.82733
2.45953
9.48512
7.79013
-1.06707
-8.94321
-8.597
-0.346753
8.2223
9.23181
1.75363
-7.33682
-9.68184
-3.12542
6.3045
9.93809
4.43464
-5.14599
-9.99542
-5.65511
3.88448
9.8527
6.76239
-2.54523
-9.51278
-7.73432
1.15503
8.98246
8.55145
0.258279
-8.27235
-9.19742
-1.66642
7.39668
9.65931
3.04122
-6.37296
-9.92786
-4.35514
5.22168
9.99771
5.58189
-3.96589
-9.86745
-6.69692
2.63073
9.5397
7.67791
-1.24291
-9.02101
-8.50523
-0.169786
8.32176
9.16232
1.57908
-7.45595
-9.63602
-2.95678
6.44092
9.91686
4.27529
-5.29696
-9.99921
-5.50823
4.04699
9.88143
6.63093
-2.71602
-9.56587
-7.6209
1.33069
9.05885
8.45835
0.0812787
-8.37052
-9.1265
-1.49162
7.51465
9.61198
2.8721
-6.50837
-9.90508
-4.1951
5.37183
9.99993
5.43414
-4.12778
-9.89463
-6.56441
2.8011
9.59129
7.56329
-1.41836
-9.09598
-8.4108
0.00723464
8.41862
9.08996
1.40404
-7.57275
-9.58719
-2.78721
6.57532
9.89253
4.11459
-5.44628
-9.99987
-5.35962
4.20823
9.90706
6.49738
-2.88596
-9.61596
-7.50509
1.50592
9.1324
8.36259
-0.0957474
-8.46606
-9.05271
-1.31635
7.63026
9.56164
2.70209
-6.64175
-9.8792
-4.03376
5.5203
9.99902
5.28469
-4.28836
-9.91871
-6.42984
2.97059
9.63988
7.4463
-1.59337
-9.16811
-8.31373
0.184253
8.51283
9.01475
1.22855
-7.68718
-9.53535
-2.61677
6.70766
9.86509
3.95261
-5.59389
-9.99739
-5.20934
4.36816
9.92959
6.3618
-3.055
-9.66304
-7.38693
1.68069
9.20309
8.26422
-0.272744
-8.55894
-8.97609
-1.14066
7.74349
9.50831
2.53124
-6.77304
-9.85022
-3.87115
5.66704
9.99497
5.13358
-4.44761
-9.93968
-6.29326
3.13916
9.68545
7.32698
-1.76788
-9.23736
-8.21405
0.361213
8.60438
8.93672
1.05268
-7.79919
-9.48052
-2.44551
6.8379
9.83457
3.78938
-5.73974
-9.99178
-5.05742
4.52671
9.949
6.22423
-3.22307
-9.70709
-7.26646
1.85493
9.2709
8.16325
-0.449654
-8.64915
-8.89665
-0.964618
7.85428
9.45199
2.35958
-6.90222
-9.81815
-3.70732
5.812
9.9878
4.98086
-4.60546
-9.95754
-6.1547
3.30674
9.72798
7.20536
-1.94183
-9.30371
-8.11181
0.53806
8.69324
8.85589
0.87648
-7.90876
-9.42272
-2.27348
6.96599
9.80096
3.62497
-5.8838
-9.98303
-4.90391
4.68384
9.9653
6.0847
-3.39014
-9.7481
-7.1437
2.02858
9.3358
8.05973
-0.626424
-8.73664
-8.81443
-0.788274
7.96262
9.39272
2.18719
-7.02923
-9.78301
-3.54234
5.95514
9.97749
4.82658
-4.76186
-9.97227
-6.01422
3.47328
9.76746
7.08149
-2.11518
-9.36715
-8.00701
0.714739
8.77936
8.77228
0.700005
-8.01585
-9.36197
-2.10074
7.09191
9.76428
3.45942
-6.02601
-9.97116
-4.74887
4.83951
9.97847
5.94327
-3.55615
-9.78606
-7.01871
2.2016
9.39778
7.95368
-0.802997
-8.8214
-8.72945
-0.611682
8.06846
9.3305
2.01412
-7.15403
-9.7448
-3.37624
6.09642
9.96406
4.67079
-4.91678
-9.98388
-5.87185
3.63873
9.80388
6.95539
-2.28786
-9.42766
-7.89971
0.891193
8.86274
8.68593
0.52331
-8.12043
-9.29829
-1.92734
7.2156
9.72455
3.29279
-6.16634
-9.95617
-4.59234
4.99366
9.98852
5.79997
-3.72104
-9.82094
-6.89152
2.37394
9.45681
7.84513
-0.979319
-8.90339
-8.64172
-0.434898
8.17177
9.26535
1.84041
-7.2766
-9.70353
-3.20909
6.23578
9.9475
4.51353
-5.07015
-9.99237
-5.72764
3.80305
9.83723
6.82711
-2.45983
-9.48521
-7.78994
1.06737
8.94334
8.59685
0.346452
-8.22247
-9.23169
-1.75334
7.33703
9.68176
3.12513
-6.30473
-9.93805
-4.43437
5.14625
9.99543
5.65486
-3.88476
-9.85275
-6.76217
2.54552
9.51287
7.73413
-1.15533
-8.98259
-8.5513
-0.257978
8.27252
9.1973
1.66613
-7.39688
-9.65923
-3.04093
6.37319
9.92783
4.35486
-5.22194
-9.99772
-5.58164
3.96617
9.8675
6.6967
-2.63102
-9.53979
-7.67772
1.24321
9.02114
8.50507
0.169484
-8.32193
-9.1622
-1.57879
7.45616
9.63594
2.95649
-6.44115
-9.91682
-4.27502
5.29722
9.99922
5.50798
-4.04727
-9.88148
-6.6307
2.71631
9.56596
7.62071
-1.33099
-9.05898
-8.45819
-0.0809773
8.37068
9.12637
1.49132
-7.51485
-9.6119
-2.87182
6.5086
9.90504
4.19483
-5.37209
-9.99993
-5.43389
4.12805
9.89468
6.56418
-2.80139
-9.59138
-7.5631
1.41866
9.09611
8.41064
-0.00753609
-8.41878
-9.08984
-1.40374
7.57295
9.5871
2.78692
-6.57555
-9.89248
-4.11432
5.44653
9.99987
5.35937
-4.20851
-9.9071
-6.49715
2.88625
9.61605
7.50489
-1.50622
-9.13253
-8.36243
0.0960489
8.46622
9.05258
1.31605
-7.63046
-9.56155
-2.7018
6.64197
9.87915
4.03348
-5.52055
-9.99902
-5.28443
4.28864
9.91875
6.42961
-2.97088
-9.63996
-7.4461
1.59367
9.16823
8.31356
-0.184554
-8.51299
-9.01462
-1.22825
7.68737
9.53526
2.61648
-6.70788
-9.86504
-3.95233
5.59414
9.99738
5.20908
-4.36843
-9.92962
-6.36157
3.05528
9.66312
7.38673
-1.68099
-9.20321
-8.26405
0.273045
8.5591
8.97596
1.14036
-7.74368
-9.50822
-2.53094
6.77327
9.85017
3.87087
-5.66729
-9.99497
-5.13332
4.44788
9.93972
6.29302
-3.13944
-9.68552
-7.32678
1.76817
9.23747
8.21388
-0.361514
-8.60454
-8.93659
-1.05238
7.79938
9.48043
2.44521
-6.83812
-9.83451
-3.7891
5.73999
9.99177
5.05716
-4.52698
-9.94903
-6.22399
3.22336
9.70717
7.26625
-1.85522
-9.27101
-8.16308
0.449955
8.6493
8.89652
0.964318
-7.85447
-9.4519
-2.35929
6.90243
9.81809
3.70704
-5.81225
-9.98778
-4.9806
4.60573
9.95757
6.15447
-3.30702
-9.72805
-7.20515
1.94213
9.30382
8.11163
-0.538361
-8.69338
-8.85575
-0.87618
7.90895
9.42262
2.27318
-6.96621
-9.8009
-3.62469
5.88405
9.98302
4.90365
-4.68411
-9.96532
-6.08446
3.39042
9.74817
7.14349
-2.02888
-9.33591
-8.05955
0.626725
8.73679
8.81429
0.787973
-7.9628
-9.39261
-2.1869
7.02944
9.78294
3.54206
-5.95538
-9.97747
-4.82632
4.76213
9.9723
6.01398
-3.47356
-9.76753
-7.08127
2.11547
9.36726
8.00683
-0.715039
-8.77951
-8.77214
-0.699704
8.01603
9.36187
2.10044
-7.09212
-9.76422
-3.45914
6.02626
9.97114
4.74861
-4.83978
-9.97849
-5.94303
3.55643
9.78612
7.0185
-2.2019
-9.39788
-7.95349
0.803298
8.82154
8.7293
0.611381
-8.06864
-9.33039
-2.01382
7.15424
9.74473
3.37596
-6.09665
-9.96403
-4.67052
4.91704
9.9839
5.87161
-3.63901
-9.80394
-6.95517
2.28815
9.42776
7.89953
-0.891493
-8.86288
-8.68578
-0.523009
8.12061
9.29818
1.92704
-7.21581
-9.72448
-3.29251
6.16658
9.95614
4.59207
-4.99392
-9.98853
-5.79973
3.72132
9.821
6.8913
-2.37423
-9.4569
-7.84495
0.979619
8.90353
8.64157
0.434597
-8.17195
-9.26524
-1.84011
7.2768
9.70346
3.2088
-6.23602
-9.94747
-4.51327
5.07041
9.99238
5.7274
-3.80333
-9.83729
-6.82689
2.46012
9.48531
7.78975
-1.06767
-8.94348
-8.59669
-0.34615
8.22264
9.23157
1.75304
-7.33723
-9.68169
-3.12484
6.30497
9.93802
4.4341
-5.14651
-9.99544
-5.65461
3.88504
9.85281
6.76195
-2.54581
-9.51297
-7.73394
1.15563
8.98272
8.55114
0.257677
-8.27269
-9.19719
-1.66583
7.39708
9.65915
3.04064
-6.37342
-9.92779
-4.35459
5.2222
9.99772
5.58139
-3.96645
-9.86755
-6.69647
2.63131
9.53988
7.67753
-1.24351
-9.02127
-8.50492
-0.169183
8.3221
9.16208
1.57849
-7.45636
-9.63586
-2.9562
6.44138
9.91678
4.27474
-5.29748
-9.99922
-5.50773
4.04754
9.88152
6.63047
-2.7166
-9.56605
-7.62051
1.33129
9.05911
8.45803
0.0806758
-8.37085
-9.12625
-1.49102
7.51505
9.61182
2.87153
-6.50883
-9.905
-4.19456
5.37234
9.99993
5.43363
-4.12832
-9.89472
-6.56396
2.80168
9.59146
7.5629
-1.41896
-9.09623
-8.41047
0.00783753
8.41894
9.08971
1.40344
-7.57315
-9.58702
-2.78663
6.57577
9.89244
4.11404
-5.44679
-9.99986
-5.35911
4.20878
9.90714
6.49692
-2.88654
-9.61613
-7.50469
1.50652
9.13265
8.36226
-0.0963503
-8.46638
-9.05246
-1.31575
7.63065
9.56147
2.70151
-6.6422
-9.8791
-4.03321
5.5208
9.99901
5.28417
-4.28891
-9.91879
-6.42938
2.97117
9.64004
7.4459
-1.59396
-9.16835
-8.31339
0.184855
8.51315
9.01449
1.22795
-7.68756
-9.53517
-2.61618
6.70811
9.865
3.95205
-5.59439
-9.99738
-5.20882
4.3687
9.92966
6.36133
-3.05557
-9.6632
-7.38653
1.68128
9.20333
8.26388
-0.273346
-8.55926
-8.97582
-1.14006
7.74387
9.50812
2.53065
-6.77349
-9.85011
-3.87059
5.66754
9.99496
5.13306
-4.44815
-9.93975
-6.29279
3.13973
9.6856
7.32657
-1.76847
-9.23759
-8.21371
0.361816
8.60469
8.93645
1.05208
-7.79957
-9.48033
-2.44492
6.83834
9.83446
3.78883
-5.74024
-9.99175
-5.0569
4.52725
9.94906
6.22375
-3.22364
-9.70724
-7.26604
1.85552
9.27113
8.1629
-0.450257
-8.64945
-8.89638
-0.964018
7.85466
9.4518
2.359
-6.90265
-9.81804
-3.70676
5.81249
9.98777
4.98034
-4.60599
-9.95759
-6.15423
3.30731
9.72812
7.20494
-1.94242
-9.30394
-8.11145
0.538662
8.69353
8.85561
0.87588
-7.90913
-9.42252
-2.27289
6.96643
9.80084
3.62441
-5.88429
-9.983
-4.90339
4.68438
9.96535
6.08422
-3.39071
-9.74824
-7.14328
2.02917
9.33602
8.05937
-0.627026
-8.73694
-8.81415
-0.787672
7.96298
9.39251
2.18661
-7.02965
-9.78288
-3.54177
5.95563
9.97745
4.82605
-4.76239
-9.97232
-6.01374
3.47385
9.76759
7.08106
-2.11577
-9.36737
-8.00665
0.71534
8.77965
8.77199
0.699404
-8.01621
-9.36176
-2.10015
7.09233
9.76415
3.45886
-6.0265
-9.97112
-4.74834
4.84004
9.97851
5.94278
-3.55671
-9.78618
-7.01828
2.20219
9.39798
7.95331
-0.803598
-8.82168
-8.72915
-0.61108
8.06882
9.33028
2.01353
-7.15445
-9.74466
-3.37567
6.09689
9.96401
4.67026
-4.9173
-9.98392
-5.87136
3.6393
9.804
6.95496
-2.28845
-9.42786
-7.89934
0.891794
8.86302
8.68563
0.522708
-8.12079
-9.29807
-1.92675
7.21601
9.72441
3.29222
-6.16681
-9.95611
-4.59181
4.99418
9.98855
5.79948
-3.7216
-9.82106
-6.89108
2.37452
9.457
7.84476
-0.979919
-8.90366
-8.64142
-0.434296
8.17212
9.26513
1.83982
-7.27701
-9.70339
-3.20852
6.23625
9.94744
4.513
-5.07067
-9.99239
-5.72715
3.80361
9.83734
6.82667
-2.46041
-9.4854
-7.78956
1.06797
8.94361
8.59654
0.345849
-8.22281
-9.23146
-1.75274
7.33744
9.68161
3.12456
-6.3052
-9.93798
-4.43383
5.14676
9.99545
5.65437
-3.88532
-9.85286
-6.76173
2.54611
9.51306
7.73375
-1.15593
-8.98286
-8.55098
-0.257375
8.27286
9.19707
1.66553
-7.39729
-9.65907
-3.04035
6.37365
9.92775
4.35432
-5.22245
-9.99773
-5.58114
3.96672
9.8676
6.69625
-2.6316
-9.53997
-7.67733
1.24381
9.0214
8.50476
0.168881
-8.32226
-9.16196
-1.57819
7.45656
9.63578
2.95591
-6.44161
-9.91674
-4.27447
5.29773
9.99922
5.50748
-4.04782
-9.88157
-6.63025
2.71689
9.56613
7.62032
-1.33158
-9.05923
-8.45786
-0.0803744
8.37101
9.12613
1.49072
-7.51524
-9.61173
-2.87124
6.50906
9.90496
4.19428
-5.3726
-9.99993
-5.43338
4.1286
9.89476
6.56373
-2.80197
-9.59155
-7.5627
1.41926
9.09636
8.41031
-0.00813897
-8.4191
-9.08958
-1.40314
7.57334
9.58693
2.78634
-6.576
-9.89239
-4.11377
5.44704
9.99986
5.35886
-4.20905
-9.90718
-6.49669
2.88683
9.61621
7.5045
-1.50682
-9.13277
-8.3621
0.0966517
8.46654
9.05233
1.31545
-7.63085
-9.56138
-2.70122
6.64243
9.87906
4.03293
-5.52105
-9.99901
-5.28392
4.28918
9.91883
6.42915
-2.97146
-9.64012
-7.4457
1.59426
9.16847
8.31323
-0.185157
-8.51331
-9.01436
-1.22765
7.68775
9.53508
2.61589
-6.70833
-9.86495
-3.95178
5.59464
9.99737
5.20856
-4.36897
-9.92969
-6.3611
3.05586
9.66328
7.38632
-1.68158
-9.20345
-8.26371
0.273648
8.55941
8.97569
1.13976
-7.74406
-9.50803
-2.53036
6.77371
9.85006
3.87031
-5.66778
-9.99495
-5.1328
4.44842
9.93978
6.29256
-3.14002
-9.68567
-7.32637
1.76877
9.2377
8.21354
-0.362117
-8.60484
-8.93632
-1.05178
7.79976
9.48023
2.44463
-6.83856
-9.83441
-3.78855
5.74048
9.99174
5.05664
-4.52752
-9.94909
-6.22352
3.22393
9.70731
7.26584
-1.85582
-9.27124
-8.16273
0.450558
8.6496
8.89624
0.963718
-7.85484
-9.4517
-2.35871
6.90287
9.81798
3.70648
-5.81274
-9.98775
-4.98008
4.60626
9.95762
6.15399
-3.30759
-9.72819
-7.20474
1.94272
9.30405
8.11128
-0.538963
-8.69368
-8.85547
-0.875579
7.90931
9.42242
2.2726
-6.96664
-9.80078
-3.62413
5.88453
9.98298
4.90312
-4.68464
-9.96537
-6.08398
3.39099
9.7483
7.14307
-2.02947
-9.33612
-8.05919
0.627327
8.73708
8.814
0.787372
-7.96317
-9.39241
-2.18631
7.02987
9.78282
3.54149
-5.95587
-9.97743
-4.82579
4.76266
9.97234
6.0135
-3.47413
-9.76766
-7.08085
2.11606
9.36747
8.00647
-0.715641
-8.7798
-8.77185
-0.699103
8.01639
9.36166
2.09985
-7.09254
-9.76409
-3.45858
6.02674
9.9711
4.74808
-4.8403
-9.97853
-5.94254
3.55699
9.78624
7.01807
-2.20249
-9.39808
-7.95313
0.803899
8.82182
8.729
0.610779
-8.06899
-9.33017
-2.01323
7.15466
9.74459
3.37539
-6.09713
-9.96398
-4.66999
4.91757
9.98394
5.87112
-3.63958
-9.80406
-6.95474
2.28874
9.42796
7.89916
-0.892094
-8.86316
-8.68548
-0.522407
8.12096
9.29796
1.92645
-7.21622
-9.72434
-3.29194
6.16705
9.95608
4.59154
-4.99445
-9.98856
-5.79924
3.72188
9.82111
6.89087
-2.37481
-9.4571
-7.84457
0.980219
8.9038
8.64127
0.433994
-8.17229
-9.26501
-1.83952
7.27722
9.70332
3.20823
-6.23649
-9.94741
-4.51273
5.07093
9.9924
5.7269
-3.80388
-9.8374
-6.82645
2.4607
9.4855
7.78937
-1.06827
-8.94375
-8.59638
-0.345548
8.22298
9.23134
1.75245
-7.33764
-9.68153
-3.12427
6.30543
9.93795
4.43356
-5.14702
-9.99546
-5.65412
3.88559
9.85291
6.7615
-2.5464
-9.51315
-7.73356
1.15623
8.98299
8.55083
0.257074
-8.27303
-9.19695
-1.66524
7.39749
9.659
3.04007
-6.37389
-9.92772
-4.35405
5.22271
9.99773
5.58089
-3.967
-9.86765
-6.69603
2.63189
9.54006
7.67714
-1.24411
-9.02153
-8.5046
-0.16858
8.32243
9.16184
1.57789
-7.45676
-9.6357
-2.95562
6.44184
9.9167
4.2742
-5.29799
-9.99923
-5.50722
4.0481
9.88161
6.63002
-2.71718
-9.56622
-7.62012
1.33188
9.05936
8.4577
0.080073
-8.37118
-9.126
-1.49043
7.51544
9.61165
2.87095
-6.50929
-9.90492
-4.19401
5.37285
9.99994
5.43313
-4.12887
-9.89481
-6.5635
2.80226
9.59163
7.56251
-1.41956
-9.09648
-8.41015
0.00844042
8.41927
9.08946
1.40284
-7.57354
-9.58685
-2.78605
6.57623
9.89235
4.11349
-5.44729
-9.99986
-5.3586
4.20933
9.90722
6.49646
-2.88712
-9.61629
-7.5043
1.50712
9.13289
8.36193
-0.0969531
-8.4667
-9.0522
-1.31515
7.63104
9.56129
2.70093
-6.64265
-9.87901
-4.03265
5.52131
9.999
5.28366
-4.28945
-9.91887
-6.42892
2.97175
9.6402
7.4455
-1.59456
-9.16859
-8.31306
0.185458
8.51347
9.01423
1.22736
-7.68795
-9.53499
-2.6156
6.70855
9.8649
3.9515
-5.59489
-9.99736
-5.20831
4.36924
9.92973
6.36087
