1
2
3
4
5
6
7
8
9
10
11
12
13
14
15
16
17
18
19
20
21
22
23
24
25
26
25
24
23
22
21
20
19
18
17
16
15
14
13
12
11
10
9
8
7
6
5
4
3
2
2
4
6
8
10
12
14
16
18
20
22
24
26
28
30
32
34
36
38
40
42
44
46
48
50
52
50
48
46
44
42
40
38
36
34
32
30
28
26
24
22
20
18
16
14
12
10
8
6
4
3
6
9
12
15
18
21
24
27
30
33
36
39
42
45
48
51
54
57
60
63
66
69
72
75
78
75
72
69
66
63
60
57
54
51
48
45
42
39
36
33
30
27
24
21
18
15
12
9
6
4
8
12
16
20
24
28
32
36
40
44
48
52
56
60
64
68
72
76
80
84
88
92
96
100
104
100
96
92
88
84
80
76
72
68
64
60
56
52
48
44
40
36
32
28
24
20
16
12
8
5
10
15
20
25
30
35
40
45
50
55
60
65
70
75
80
85
90
95
100
105
110
115
120
125
130
125
120
115
110
105
100
95
90
85
80
75
70
65
60
55
50
45
40
35
30
25
20
15
10
6
12
18
24
30
36
42
48
54
60
66
72
78
84
90
96
102
108
114
120
126
132
138
144
150
156
150
144
138
132
126
120
114
108
102
96
90
84
78
72
66
60
54
48
42
36
30
24
18
12
7
14
21
28
35
42
49
56
63
70
77
84
91
98
105
112
119
126
133
140
147
154
161
168
175
182
175
168
161
154
147
140
133
126
119
112
105
98
91
84
77
70
63
56
49
42
35
28
21
14
8
16
24
32
40
48
56
64
72
80
88
96
104
112
120
128
136
144
152
160
168
176
184
192
200
208
200
192
184
176
168
160
152
144
136
128
120
112
104
96
88
80
72
64
56
48
40
32
24
16
9
18
27
36
45
54
63
72
81
90
99
108
117
126
135
144
153
162
171
180
189
198
207
216
225
234
225
216
207
198
189
180
171
162
153
144
135
126
117
108
99
90
81
72
63
54
45
36
27
18
10
20
30
40
50
60
70
80
90
100
110
120
130
140
150
160
170
180
190
200
210
220
230
240
250
260
250
240
230
220
210
200
190
180
170
160
150
140
130
120
110
100
90
80
70
60
50
40
30
20
11
22
33
44
55
66
77
88
99
110
121
132
143
154
165
176
187
198
209
220
231
242
253
264
275
286
275
264
253
242
231
220
209
198
187
176
165
154
143
132
121
110
99
88
77
66
55
44
33
22
12
24
36
48
60
72
84
96
108
120
132
144
156
168
180
192
204
216
228
240
252
264
276
288
300
312
300
288
276
264
252
240
228
216
204
192
180
168
156
144
132
120
108
96
84
72
60
48
36
24
13
26
39
52
65
78
91
104
117
130
143
156
169
182
195
208
221
234
247
260
273
286
299
312
325
338
325
312
299
286
273
260
247
234
221
208
195
182
169
156
143
130
117
104
91
78
65
52
39
26
14
28
42
56
70
84
98
112
126
140
154
168
182
196
210
224
238
252
266
280
294
308
322
336
350
364
350
336
322
308
294
280
266
252
238
224
210
196
182
168
154
140
126
112
98
84
70
56
42
28
15
30
45
60
75
90
105
120
135
150
165
180
195
210
225
240
255
270
285
300
315
330
345
360
375
390
375
360
345
330
315
300
285
270
255
240
225
210
195
180
165
150
135
120
105
90
75
60
45
30
16
32
48
64
80
96
112
128
144
160
176
192
208
224
240
256
272
288
304
320
336
352
368
384
400
416
400
384
368
352
336
320
304
288
272
256
240
224
208
192
176
160
144
128
112
96
80
64
48
32
17
34
51
68
85
102
119
136
153
170
187
204
221
238
255
272
289
306
323
340
357
374
391
408
425
442
425
408
391
374
357
340
323
306
289
272
255
238
221
204
187
170
153
136
119
102
85
68
51
34
18
36
54
72
90
108
126
144
162
180
198
216
234
252
270
288
306
324
342
360
378
396
414
432
450
468
450
432
414
396
378
360
342
324
306
288
270
252
234
216
198
180
162
144
126
108
90
72
54
36
19
38
57
76
95
114
133
152
171
190
209
228
247
266
285
304
323
342
361
380
399
418
437
456
475
494
475
456
437
418
399
380
361
342
323
304
285
266
247
228
209
190
171
152
133
114
95
76
57
38
20
40
60
80
100
120
140
160
180
200
220
240
260
280
300
320
340
360
380
400
420
440
460
480
500
520
500
480
460
440
420
400
380
360
340
320
300
280
260
240
220
200
180
160
140
120
100
80
60
40
21
42
63
84
105
126
147
168
189
210
231
252
273
294
315
336
357
378
399
420
441
462
483
504
525
546
525
504
483
462
441
420
399
378
357
336
315
294
273
252
231
210
189
168
147
126
105
84
63
42
22
44
66
88
110
132
154
176
198
220
242
264
286
308
330
352
374
396
418
440
462
484
506
528
550
572
550
528
506
484
462
440
418
396
374
352
330
308
286
264
242
220
198
176
154
132
110
88
66
44
23
46
69
92
115
138
161
184
207
230
253
276
299
322
345
368
391
414
437
460
483
506
529
552
575
598
575
552
529
506
483
460
437
414
391
368
345
322
299
276
253
230
207
184
161
138
115
92
69
46
24
48
72
96
120
144
168
192
216
240
264
288
312
336
360
384
408
432
456
480
504
528
552
576
600
624
600
576
552
528
504
480
456
432
408
384
360
336
312
288
264
240
216
192
168
144
120
96
72
48
25
50
75
100
125
150
175
200
225
250
275
300
325
350
375
400
425
450
475
500
525
550
575
600
625
650
625
600
575
550
525
500
475
450
425
400
375
350
325
300
275
250
225
200
175
150
125
100
75
50
26
52
78
104
130
156
182
208
234
260
286
312
338
364
390
416
442
468
494
520
546
572
598
624
650
676
650
624
598
572
546
520
494
468
442
416
390
364
338
312
286
260
234
208
182
156
130
104
78
52
27
54
81
108
135
162
189
216
243
270
297
324
351
378
405
432
459
486
513
540
567
594
621
648
675
702
675
648
621
594
567
540
513
486
459
432
405
378
351
324
297
270
243
216
189
162
135
108
81
54
28
56
84
112
140
168
196
224
252
280
308
336
364
392
420
448
476
504
532
560
588
616
644
672
700
728
700
672
644
616
588
560
532
504
476
448
420
392
364
336
308
280
252
224
196
168
140
112
84
56
29
58
87
116
145
174
203
232
261
290
319
348
377
406
435
464
493
522
551
580
609
638
667
696
725
754
725
696
667
638
609
580
551
522
493
464
435
406
377
348
319
290
261
232
203
174
145
116
87
58
30
60
90
120
150
180
210
240
270
300
330
360
390
420
450
480
510
540
570
600
630
660
690
720
750
780
750
720
690
660
630
600
570
540
510
480
450
420
390
360
330
300
270
240
210
180
150
120
90
60
31
62
93
124
155
186
217
248
279
310
341
372
403
434
465
496
527
558
589
620
651
682
713
744
775
806
775
744
713
682
651
620
589
558
527
496
465
434
403
372
341
310
279
248
217
186
155
124
93
62
32
64
96
128
160
192
224
256
288
320
352
384
416
448
480
512
544
576
608
640
672
704
736
768
800
832
800
768
736
704
672
640
608
576
544
512
480
448
416
384
352
320
288
256
224
192
160
128
96
64
33
66
99
132
165
198
231
264
297
330
363
396
429
462
495
528
561
594
627
660
693
726
759
792
825
858
825
792
759
726
693
660
627
594
561
528
495
462
429
396
363
330
297
264
231
198
165
132
99
66
34
68
102
136
170
204
238
272
306
340
374
408
442
476
510
544
578
612
646
680
714
748
782
816
850
884
850
816
782
748
714
680
646
612
578
544
510
476
442
408
374
340
306
272
238
204
170
136
102
68
35
70
105
140
175
210
245
280
315
350
385
420
455
490
525
560
595
630
665
700
735
770
805
840
875
910
875
840
805
770
735
700
665
630
595
560
525
490
455
420
385
350
315
280
245
210
175
140
105
70
36
72
108
144
180
216
252
288
324
360
396
432
468
504
540
576
612
648
684
720
756
792
828
864
900
936
900
864
828
792
756
720
684
648
612
576
540
504
468
432
396
360
324
288
252
216
180
144
108
72
37
74
111
148
185
222
259
296
333
370
407
444
481
518
555
592
629
666
703
740
777
814
851
888
925
962
925
888
851
814
777
740
703
666
629
592
555
518
481
444
407
370
333
296
259
222
185
148
111
74
38
76
114
152
190
228
266
304
342
380
418
456
494
532
570
608
646
684
722
760
798
836
874
912
950
988
950
912
874
836
798
760
722
684
646
608
570
532
494
456
418
380
342
304
266
228
190
152
114
76
39
78
117
156
195
234
273
312
351
390
429
468
507
546
585
624
663
702
741
780
819
858
897
936
975
1014
975
936
897
858
819
780
741
702
663
624
585
546
507
468
429
390
351
312
273
234
195
156
117
78
40
80
120
160
200
240
280
320
360
400
440
480
520
560
600
640
680
720
760
800
840
880
920
960
1000
1040
1000
960
920
880
840
800
760
720
680
640
600
560
520
480
440
400
360
320
280
240
200
160
120
80
41
82
123
164
205
246
287
328
369
410
451
492
533
574
615
656
697
738
779
820
861
902
943
984
1025
1066
1025
984
943
902
861
820
779
738
697
656
615
574
533
492
451
410
369
328
287
246
205
164
123
82
42
84
126
168
210
252
294
336
378
420
462
504
546
588
630
672
714
756
798
840
882
924
966
1008
1050
1092
1050
1008
966
924
882
840
798
756
714
672
630
588
546
504
462
420
378
336
294
252
210
168
126
84
43
86
129
172
215
258
301
344
387
430
473
516
559
602
645
688
731
774
817
860
903
946
989
1032
1075
1118
1075
1032
989
946
903
860
817
774
731
688
645
602
559
516
473
430
387
344
301
258
215
172
129
86
44
88
132
176
220
264
308
352
396
440
484
528
572
616
660
704
748
792
836
880
924
968
1012
1056
1100
1144
1100
1056
1012
968
924
880
836
792
748
704
660
616
572
528
484
440
396
352
308
264
220
176
132
88
45
90
135
180
225
270
315
360
405
450
495
540
585
630
675
720
765
810
855
900
945
990
1035
1080
1125
1170
1125
1080
1035
990
945
900
855
810
765
720
675
630
585
540
495
450
405
360
315
270
225
180
135
90
46
92
138
184
230
276
322
368
414
460
506
552
598
644
690
736
782
828
874
920
966
1012
1058
1104
1150
1196
1150
1104
1058
1012
966
920
874
828
782
736
690
644
598
552
506
460
414
368
322
276
230
184
138
92
47
94
141
188
235
282
329
376
423
470
517
564
611
658
705
752
799
846
893
940
987
1034
1081
1128
1175
1222
1175
1128
1081
1034
987
940
893
846
799
752
705
658
611
564
517
470
423
376
329
282
235
188
141
94
48
96
144
192
240
288
336
384
432
480
528
576
624
672
720
768
816
864
912
960
1008
1056
1104
1152
1200
1248
1200
1152
1104
1056
1008
960
912
864
816
768
720
672
624
576
528
480
432
384
336
288
240
192
144
96
49
98
147
196
245
294
343
392
441
490
539
588
637
686
735
784
833
882
931
980
1029
1078
1127
1176
1225
1274
1225
1176
1127
1078
1029
980
931
882
833
784
735
686
637
588
539
490
441
392
343
294
245
196
147
98
50
100
150
200
250
300
350
400
450
500
550
600
650
700
750
800
850
900
950
1000
1050
1100
1150
1200
1250
1300
1250
1200
1150
1100
1050
1000
950
900
850
800
750
700
650
600
550
500
450
400
350
300
250
200
150
100
